marxslynx/data/efficiency.csv
# %ECSV 0.9
# ---
# datatype:
# - {name: lambda, unit: nm, datatype: float64}
# - {name: theta, unit: degree, datatype: float64}
# - {name: o0, datatype: float64}
# - {name: o1, datatype: float64}
# - {name: o2, datatype: float64}
# - {name: o3, datatype: float64}
# - {name: o4, datatype: float64}
# - {name: o5, datatype: float64}
# - {name: o6, datatype: float64}
# - {name: o7, datatype: float64}
# - {name: o8, datatype: float64}
# - {name: o9, datatype: float64}
# - {name: o10, datatype: float64}
# - {name: o11, datatype: float64}
# - {name: o12, datatype: float64}
# meta: !!omap
# - keywords: !!omap
#   - {Author: Ralf Heilmann}
#   - {ORIGFILE: Si_4um_deep_30pct_dc.xlsx}
#   - {Description: Calculated grating efficiencies}
#   - {Grating: Si 4 my deep}
lambda theta o0 o1 o2 o3 o4 o5 o6 o7 o8 o9 o10 o11 o12
[from data line 1231]
2.2 0.85 0.307828759 0.118726049 0.0664228116 0.0987430366 0.0403349813 0.0014208839 0.0054858651 0.002798293 0.0002052014 3.81E-05 5.13E-05 2.13E-05 1.26E-06
2.2 0.9 0.280924863 0.129230412 0.0747608628 0.100053642 0.0494144064 0.0036904043 0.0029640738 0.0049258311 7.26E-05 0.0001092253 3.02E-05 3.95E-05 6.13E-06
2.2 0.95 0.247245466 0.142404433 0.0801058536 0.100534181 0.063517363 0.0057818234 0.0007369223 0.0072383414 0.0001849709 0.0001310218 1.95E-05 4.89E-05 1.06E-05
2.2 1 0.211522349 0.15595467 0.0806295451 0.0998536827 0.0848697158 0.0066004944 5.86E-05 0.0088384703 0.0005334064 9.49E-05 6.78E-05 3.40E-05 6.13E-06
2.2 1.05 0.178331079 0.16673262 0.075636451 0.098481992 0.113593671 0.0059756479 0.0015483185 0.0088815053 0.0009967321 9.46E-05 0.0001511431 1.03E-05 7.18E-06
2.2 1.1 0.150679885 0.171617522 0.0659883209 0.0973851319 0.146831779 0.0053182743 0.0048222053 0.0071927145 0.0014948128 0.0002131094 0.0001779472 1.04E-05 2.89E-05
2.2 1.15 0.129292812 0.168614465 0.0539543042 0.0973339301 0.179068108 0.0077836057 0.0086192472 0.0046089343 0.0020415922 0.00038915 0.0001041206 4.28E-05 5.74E-05
2.2 1.2 0.112844253 0.157653891 0.0424772724 0.0982066949 0.203664742 0.0177146292 0.0113381102 0.0026745385 0.0026537339 0.0004530626 1.37E-05 7.58E-05 6.10E-05
2.2 1.25 0.0989411551 0.140698157 0.0341204703 0.0987374554 0.214992822 0.0393825506 0.0117120515 0.0028189179 0.0032596745 0.000320106 2.55E-05 7.81E-05 3.52E-05
2.2 1.3 0.0853406926 0.12110775 0.0301479098 0.0969033669 0.210333142 0.0753356316 0.0093822654 0.0055628008 0.003740669 0.0001043883 0.0001419963 5.95E-05 1.34E-05
2.2 1.35 0.0708482572 0.10252557 0.0301200467 0.0907558329 0.190814466 0.124857192 0.0052370836 0.0102569857 0.0040546567 3.44E-07 0.0002459848 5.32E-05 1.90E-05
2.2 1.4 0.0556137546 0.0876880375 0.0321597906 0.0793695089 0.161020852 0.183084811 0.0015380023 0.0154299211 0.0043085664 7.57E-05 0.0002406295 7.03E-05 3.07E-05
2.2 1.45 0.0408013 0.0775854001 0.0337869384 0.0634835849 0.127428091 0.241335889 0.0018274605 0.0194271948 0.0047336778 0.0002183157 0.000146698 8.90E-05 1.98E-05
2.2 1.5 0.0278796463 0.0712976356 0.0330040574 0.0454902601 0.0962659453 0.288890514 0.0104701944 0.0209801201 0.0056161894 0.0002740721 6.97E-05 8.07E-05 4.25E-06
2.2 1.55 0.0179214573 0.0665933214 0.0291705102 0.0286810588 0.0716372069 0.315879986 0.0316631656 0.0195641802 0.0072169455 0.000209518 9.79E-05 4.34E-05 2.56E-05
2.2 1.6 0.0112541583 0.0610680977 0.0232597153 0.0160305451 0.0546366942 0.316340197 0.067984446 0.0156095543 0.009630109 0.0001392102 0.0002172532 7.55E-06 7.16E-05
2.2 1.65 0.0075872543 0.0532914813 0.0173392256 0.0090942342 0.0437721432 0.290169246 0.118904043 0.0105692882 0.0125867259 0.0002077242 0.0003105787 3.17E-06 8.38E-05
2.2 1.7 0.0064129491 0.0433273872 0.0135228244 0.007526694 0.0362590307 0.243160602 0.179861966 0.0068009832 0.0153885751 0.0004600933 0.0002677969 2.75E-05 4.91E-05
2.2 1.75 0.0072962458 0.0324340798 0.0129288905 0.0093724001 0.0294785586 0.185098635 0.242482737 0.0073108441 0.0171208523 0.0008394356 0.0001151955 5.46E-05 1.50E-05
2.2 1.8 0.0098205871 0.022274908 0.0151715796 0.0119720031 0.0220327756 0.126722013 0.296209294 0.0153656144 0.0170689145 0.0012968492 5.11E-06 6.34E-05 9.87E-06
2.2 1.85 0.0132966351 0.0141476014 0.0186280644 0.0130937259 0.0140791154 0.0768133735 0.330978798 0.0338555453 0.0151029598 0.0018679065 6.68E-05 4.99E-05 1.42E-05
2.2 1.9 0.0165779463 0.0085917955 0.0212780329 0.0117584617 0.0069119497 0.0403730661 0.339943337 0.0644378208 0.0118364272 0.0026406559 0.0003017517 2.60E-05 9.73E-06
2.2 1.95 0.0182914353 0.0054906414 0.0216286254 0.0084233674 0.0021168911 0.0182476239 0.321305006 0.106684635 0.008514237 0.0036775359 0.000621925 7.83E-06 3.41E-06
2.2 2 0.0174523103 0.0044468622 0.0192760015 0.0045331142 0.0007052712 0.0079784072 0.278793378 0.157476675 0.0067897995 0.0049541938 0.0009226196 1.61E-06 1.17E-05
2.2 2.05 0.0140597473 0.0050849737 0.0149177981 0.0016952163 0.0025530725 0.0053289418 0.220671714 0.210928608 0.0085628116 0.0062891698 0.0011118096 3.52E-06 4.66E-05
2.2 2.1 0.0092816721 0.007090909 0.0099028765 0.0008712781 0.0063702816 0.0059385362 0.157508669 0.259111325 0.0158318321 0.0072987692 0.0011464328 7.89E-06 9.73E-05
2.2 2.15 0.0050372492 0.0100306436 0.0055605076 0.0019537771 0.0102205403 0.0065996941 0.099349706 0.293688014 0.0303854132 0.0075192083 0.0010756024 2.01E-05 0.0001254362
2.2 2.2 0.0031311085 0.0131508409 0.0026670698 0.0039305556 0.0123488147 0.0058396145 0.0533214513 0.30810619 0.0532557845 0.0067522465 0.0010229255 8.25E-05 0.0001101955
2.2 2.25 0.0043502306 0.0153958907 0.0013101537 0.0055061075 0.0119035165 0.0037805524 0.0225036758 0.299514937 0.0840727985 0.0054559751 0.001103152 0.000266572 8.06E-05
2.2 2.3 0.0079959976 0.0157427404 0.0011360902 0.0057947682 0.0092049369 0.0014955731 0.0061746741 0.269624163 0.120621758 0.0048620928 0.0013303105 0.000579941 7.75E-05
2.2 2.35 0.012154629 0.0137321167 0.0017435779 0.0047077915 0.0054674696 0.0001980221 0.0010046151 0.224187169 0.158889759 0.0066551722 0.0015808284 0.0008788229 0.0001046463
2.2 2.4 0.0146241368 0.0098907047 0.0029359885 0.0028626203 0.0021516847 0.0005871827 0.0025943486 0.171295033 0.193732653 0.0123484529 0.0016698314 0.0009470299 0.000134927
2.2 2.45 0.0140206885 0.0056933269 0.0046745039 0.0011310183 0.0002918628 0.0025479171 0.0067917791 0.119166638 0.220006959 0.0226945475 0.0015268514 0.0007015845 0.0001420377
2.2 2.5 0.0104746555 0.0029426302 0.0068107461 0.0001492201 0.0001245353 0.005236592 0.0104825062 0.0743148606 0.233713586 0.0374513994 0.0013608573 0.0002957107 0.0001141271
2.2 2.55 0.0055686136 0.0028459676 0.0088589171 7.18E-05 0.0011331212 0.0074597379 0.0118944278 0.0405876816 0.232764076 0.0555590837 0.0016975888 1.91E-05 6.65E-05
2.2 2.6 0.0015687151 0.0053234345 0.0100580596 0.0006358606 0.0024088103 0.0082026795 0.0106027514 0.0190638968 0.217304608 0.0754843989 0.0032580378 0.0001079919 3.82E-05
2.2 2.65 0.0003255366 0.0089880603 0.0097474631 0.0014132144 0.0031263579 0.0071109036 0.0073344356 0.0085493026 0.189694428 0.0954619325 0.0067027441 0.0006013669 4.50E-05
2.2 2.7 0.0023533613 0.0118410491 0.0078193651 0.0020725831 0.0029191564 0.0046861356 0.0035446337 0.0063900963 0.154130271 0.113585271 0.0122941117 0.0013389242 6.21E-05
2.2 2.75 0.006561229 0.0123188733 0.0049262742 0.0025099735 0.0019864365 0.0020547745 0.0007871537 0.0093489123 0.115821163 0.12788645 0.0196466025 0.0021342821 7.25E-05
2.2 2.8 0.0107794384 0.010091222 0.002258281 0.0027923834 0.0008943049 0.0004026588 6.02E-05 0.0143120676 0.0798202192 0.136548613 0.0277573201 0.0029981265 9.08E-05
2.25 0.8 0.32410873 0.121021163 0.0548734147 0.102934943 0.0258451389 0.0001226872 0.0074722609 0.0013426184 0.0005692844 4.56E-05 1.51E-05 2.58E-05 1.89E-05
2.25 0.85 0.309141498 0.12398443 0.0644734667 0.107891598 0.0309417208 0.0014019357 0.0062948337 0.0025894454 0.0004208984 7.18E-07 5.60E-05 2.29E-05 1.45E-05
2.25 0.9 0.283502211 0.130218735 0.0742275991 0.112488337 0.0382099141 0.0037218522 0.0039041512 0.0045069723 0.0001553133 3.70E-05 8.64E-05 2.20E-05 3.19E-06
2.25 0.95 0.249674656 0.139576096 0.0819296431 0.115039939 0.0506926119 0.005862774 0.0014580516 0.006797307 2.87E-05 0.0001276203 7.33E-05 3.17E-05 2.01E-06
2.25 1 0.211901903 0.150702871 0.0853503334 0.114523103 0.0710200492 0.0066213244 0.0002770297 0.0088099268 0.0001991809 0.0001794006 4.12E-05 4.01E-05 1.05E-05
2.25 1.05 0.175000223 0.161058038 0.0830238846 0.111148827 0.0999688443 0.0055536471 0.0012568793 0.0097366226 0.0006127843 0.0001524106 5.12E-05 3.06E-05 1.36E-05
2.25 1.1 0.142973261 0.167525276 0.0749344377 0.106245306 0.135466352 0.0036269824 0.0044026074 0.0090408549 0.0010980424 0.0001193544 0.0001070301 1.08E-05 1.09E-05
2.25 1.15 0.117929052 0.167413338 0.0627080395 0.101514165 0.172601483 0.0034607555 0.0087070166 0.0069283934 0.0015453391 0.0001706551 0.0001342761 8.05E-06 2.07E-05
2.25 1.2 0.0997480748 0.159464116 0.0491404553 0.0981108756 0.204765979 0.0089587294 0.0125110508 0.004501738 0.0019691727 0.0002864843 8.58E-05 3.40E-05 4.73E-05
2.25 1.25 0.0866521127 0.144389446 0.0372732471 0.0960423103 0.225498627 0.0243577421 0.0142134004 0.0033191747 0.002407575 0.000348484 1.47E-05 6.77E-05 6.58E-05
2.25 1.3 0.0762383896 0.124690673 0.029391326 0.0940908538 0.230379956 0.0528838733 0.0129703967 0.0045615941 0.0028110577 0.0002775013 9.73E-06 8.09E-05 5.37E-05
2.25 1.35 0.0664582633 0.103848471 0.0262725532 0.0902984042 0.21834609 0.0953417015 0.0091468477 0.0083566296 0.0030790328 0.0001261955 9.36E-05 6.80E-05 2.30E-05
2.25 1.4 0.0562161588 0.0852011723 0.026993407 0.0828459262 0.192006935 0.14908833 0.0044662427 0.0136721002 0.0032123678 2.19E-05 0.0002038527 4.88E-05 7.71E-06
2.25 1.45 0.0454629019 0.0709429152 0.0293929203 0.0709606021 0.156866021 0.207840673 0.0018762812 0.0187873396 0.003404941 3.38E-05 0.0002518487 4.81E-05 1.59E-05
2.25 1.5 0.0348688833 0.0615943787 0.0309975785 0.0554407307 0.119691341 0.262560433 0.0051470819 0.0220143064 0.0039772666 0.0001086193 0.0001989827 6.66E-05 1.97E-05
2.25 1.55 0.025316256 0.0560905178 0.0300310415 0.0385378936 0.0865587392 0.30339229 0.018194545 0.0223028981 0.0052256 0.0001364835 9.93E-05 7.60E-05 7.83E-06
2.25 1.6 0.0174920695 0.0524269122 0.0261125987 0.0232063492 0.0612378624 0.322268503 0.0441061392 0.0195626163 0.0072862067 7.50E-05 5.86E-05 5.38E-05 9.68E-06
2.25 1.65 0.0117602905 0.0485807633 0.0203246622 0.0120082325 0.0445107131 0.315281645 0.0839835456 0.0147321326 0.0100403927 3.74E-06 0.0001221225 1.72E-05 4.00E-05
2.25 1.7 0.0082704378 0.0433091058 0.0146256718 0.006172001 0.0346439863 0.28389289 0.135946328 0.0096809085 0.0130493653 5.37E-05 0.000214806 2.22E-06 6.56E-05
2.25 1.75 0.0070860561 0.0364714313 0.0108937996 0.005212877 0.028654173 0.234474802 0.194785933 0.0069846692 0.0155704544 0.000288926 0.0002217027 1.73E-05 5.73E-05
2.25 1.8 0.0081504393 0.0287864408 0.0100746013 0.0072710981 0.0237324059 0.176382431 0.252554634 0.0095376626 0.0167620424 0.000673645 0.0001214735 3.95E-05 2.92E-05
2.25 1.85 0.01106226 0.0212663581 0.0118284497 0.0099430728 0.0182336672 0.119328484 0.300037195 0.020066715 0.01607865 0.0011527007 1.61E-05 5.03E-05 7.65E-06
2.25 1.9 0.0148575281 0.0147438518 0.014795762 0.0112200214 0.0119891213 0.0710540471 0.328818769 0.0406462269 0.0136226344 0.0017326479 4.50E-05 5.15E-05 6.17E-07
2.25 1.95 0.0180868536 0.0097164192 0.0172841205 0.0101954856 0.0060161467 0.035935983 0.33345642 0.0721409659 0.0102239908 0.0024549051 0.0002885722 4.90E-05 2.30E-06
2.25 2 0.0193007272 0.0064269907 0.0180211204 0.0072738104 0.0017957689 0.0146920006 0.313050591 0.113556938 0.0072618786 0.0033034587 0.0007138987 4.18E-05 2.18E-06
2.25 2.05 0.0177036903 0.0049948947 0.0166103557 0.0037736923 0.0004124032 0.0050648884 0.271519405 0.161592201 0.0063730849 0.0041682366 0.0011659438 2.87E-05 1.44E-06
2.25 2.1 0.0135904909 0.005450485 0.0135143964 0.0011510824 0.0019481781 0.00311344 0.216433382 0.210754328 0.0092014259 0.0048852942 0.0014450942 1.74E-05 2.37E-05
2.25 2.15 0.00832421 0.0076268537 0.009677076 0.0002788587 0.0053973543 0.0046344503 0.15697041 0.254159562 0.017248698 0.0052864205 0.0014434293 1.73E-05 8.17E-05
2.25 2.2 0.0038294904 0.0109825788 0.0060530955 0.0011173202 0.0090964175 0.0063266329 0.101745361 0.284897998 0.0317303086 0.0052493237 0.0012182442 2.94E-05 0.0001426744
2.25 2.25 0.0017769306 0.0145212738 0.0032746446 0.0028630691 0.0114409097 0.0064451469 0.0570768267 0.297671201 0.0532730944 0.0048136133 0.0009453829 6.27E-05 0.0001581793
2.25 2.3 0.0028140887 0.0169625201 0.0015714472 0.0044394721 0.0115349357 0.0048343816 0.026062547 0.290175517 0.0814675827 0.0043715942 0.0008030379 0.0001515641 0.000123478
2.25 2.35 0.006213091 0.0171800122 0.0009221071 0.0050544836 0.0094814629 0.0024331871 0.0085960477 0.263773937 0.114501734 0.0047734107 0.0008683252 0.0003177494 8.00E-05
2.25 2.4 0.0101627962 0.0147543757 0.0012765566 0.0045235232 0.0062099203 0.0005374358 0.0021822736 0.223089286 0.149148594 0.0071837534 0.0010757129 0.0005065296 6.46E-05
2.25 2.45 0.0126110312 0.0103406316 0.0026382964 0.0032243938 0.0029867905 0.0001231656 0.0030850539 0.174762449 0.181192774 0.0127037507 0.0012787046 0.0005979082 8.04E-05
2.25 2.5 0.0122610428 0.0055374192 0.0049285436 0.0017795064 0.0008512026 0.0014224443 0.0073923901 0.125832096 0.206194671 0.021951022 0.0014120856 0.0005027897 9.99E-05
2.25 2.55 0.0092100302 0.0022082525 0.007765666 0.0007006128 0.0002177592 0.0038468666 0.0117995887 0.0822573756 0.220388198 0.0348471755 0.0016494666 0.0002555275 8.55E-05
2.25 2.6 0.0048762471 0.0015653347 0.0103930596 0.0001973805 0.0007995654 0.0062736042 0.0141071093 0.0479552829 0.221519299 0.0506869374 0.0024122972 3.87E-05 3.85E-05
2.25 2.65 0.0012664908 0.0035508783 0.0118907785 0.0002048613 0.00186407 0.0075864908 0.0134533113 0.0245029876 0.209405895 0.0683596422 0.0042042977 0.0001098771 1.93E-05
2.25 2.7 9.35E-06 0.0068919184 0.0115858889 0.0005496135 0.0026620132 0.0072125443 0.0102710697 0.011466137 0.18598553 0.0865247083 0.0073911816 0.0006253573 7.08E-05
2.25 2.75 0.0016118191 0.009760114 0.0094306139 0.001103674 0.0027740925 0.0053784188 0.005948816 0.0070335159 0.154825863 0.103642117 0.0120364829 0.0014952381 0.0001520419
2.25 2.8 0.0052248799 0.0106683533 0.0061231371 0.0018204358 0.0022237053 0.0029708589 0.0022098724 0.0086082851 0.120315126 0.117946621 0.0178368009 0.0024566288 0.0001976698
2.3 0.8 0.317879763 0.1330578 0.0536227926 0.105335726 0.0201338272 7.82E-05 0.0079831621 0.0012199248 0.0005177789 0.0001024636 1.81E-06 2.83E-05 3.78E-06
2.3 0.85 0.304982585 0.1323015 0.0625396041 0.114123635 0.0235983185 0.0014079512 0.0072847398 0.0022676833 0.0005645584 4.79E-05 2.21E-05 3.57E-05 1.38E-05
2.3 0.9 0.281792059 0.133712079 0.0723899383 0.122565491 0.0290415618 0.0038671602 0.0051515593 0.0039525246 0.0003722727 1.44E-06 7.66E-05 2.94E-05 1.77E-05
2.3 0.95 0.249935087 0.138009065 0.081264605 0.128344167 0.0395353704 0.0062273815 0.002604799 0.0060794872 9.94E-05 4.22E-05 0.0001249217 1.95E-05 7.63E-06
2.3 1 0.212822656 0.144920622 0.0869252809 0.129676247 0.0579341102 0.0071957895 0.000957539 0.0081759411 9.13E-06 0.0001568472 0.0001183053 1.92E-05 1.70E-06
2.3 1.05 0.174842932 0.152917835 0.0874513286 0.126132233 0.0855750321 0.0061077284 0.0012690069 0.0096040931 0.0002356273 0.0002418648 7.00E-05 2.49E-05 1.24E-05
2.3 1.1 0.140229873 0.159427428 0.0819703737 0.118840627 0.121264504 0.0035276082 0.0038803341 0.0097909778 0.0006748734 0.0002282839 4.23E-05 2.20E-05 2.39E-05
2.3 1.15 0.111962035 0.161564935 0.0711359966 0.10995733 0.16102398 0.0015444334 0.0081905984 0.0085677214 0.0011110074 0.0001662372 6.08E-05 1.00E-05 2.20E-05
2.3 1.2 0.0911315876 0.157153049 0.0570887406 0.101696186 0.198784097 0.0035902997 0.0127842251 0.0064526514 0.0014230771 0.0001551093 8.50E-05 5.79E-06 1.87E-05
2.3 1.25 0.0770047032 0.145574596 0.0428484194 0.0953883989 0.22783029 0.0137210914 0.0159125149 0.0046153998 0.0016467492 0.0002197132 6.98E-05 2.23E-05 3.04E-05
2.3 1.3 0.0676373934 0.128064209 0.0313368488 0.0909759624 0.242574274 0.0354793634 0.0162039895 0.0044193613 0.0018597469 0.0002881516 2.38E-05 5.46E-05 4.97E-05
2.3 1.35 0.0607463162 0.107340386 0.0244210909 0.0871348338 0.240081488 0.0706403426 0.0133476707 0.0067189769 0.0020576242 0.0002775761 5.81E-07 8.16E-05 5.20E-05
2.3 1.4 0.0544922908 0.0867336917 0.0223565226 0.0819463361 0.220852862 0.118191326 0.0084603915 0.0113036104 0.0021807568 0.000179599 4.68E-05 8.18E-05 2.99E-05
2.3 1.45 0.0478469261 0.0691520843 0.023815982 0.0737597261 0.188693173 0.173873122 0.0040108569 0.0168768003 0.0022618644 6.49E-05 0.0001516083 5.71E-05 6.54E-06
2.3 1.5 0.0405494865 0.0562860104 0.0264832548 0.0619514335 0.149686731 0.230552726 0.0033998649 0.02159654 0.0025230265 1.25E-05 0.0002372756 3.46E-05 3.59E-06
