marxslynx/data/efficiency.csv
# %ECSV 0.9
# ---
# datatype:
# - {name: lambda, unit: nm, datatype: float64}
# - {name: theta, unit: degree, datatype: float64}
# - {name: o0, datatype: float64}
# - {name: o1, datatype: float64}
# - {name: o2, datatype: float64}
# - {name: o3, datatype: float64}
# - {name: o4, datatype: float64}
# - {name: o5, datatype: float64}
# - {name: o6, datatype: float64}
# - {name: o7, datatype: float64}
# - {name: o8, datatype: float64}
# - {name: o9, datatype: float64}
# - {name: o10, datatype: float64}
# - {name: o11, datatype: float64}
# - {name: o12, datatype: float64}
# meta: !!omap
# - keywords: !!omap
#   - {Author: Ralf Heilmann}
#   - {ORIGFILE: Si_4um_deep_30pct_dc.xlsx}
#   - {Description: Calculated grating efficiencies}
#   - {Grating: Si 4 my deep}
lambda theta o0 o1 o2 o3 o4 o5 o6 o7 o8 o9 o10 o11 o12
[from data line 3156]
4.5 2.8 0.0268795194 0.0090453729 0.0180521219 0.0165401813 0.206663467 0.0542979129 0.0079139742 0.0005179218 0.0002763756 0.0001264668 2.52E-05 1.30E-05 1.30E-05
4.55 0.8 0.166725909 0.288128843 0.0900437327 0.0110188309 0.001601599 0.0017869485 2.48E-05 1.91E-05 3.76E-05 1.18E-05 1.94E-07 2.99E-06 2.82E-06
4.55 0.85 0.160919599 0.275082321 0.110386695 0.0096305714 0.0019686491 0.0018250229 1.37E-05 2.99E-05 4.11E-05 1.05E-05 2.33E-07 3.72E-06 2.85E-06
4.55 0.9 0.156339351 0.259255352 0.131465527 0.0089805427 0.0023132572 0.0018163423 5.16E-06 4.24E-05 4.34E-05 9.08E-06 5.26E-07 4.42E-06 2.81E-06
4.55 0.95 0.15256512 0.241307779 0.152573291 0.0094017512 0.0026087074 0.0017612809 4.89E-07 5.59E-05 4.47E-05 7.60E-06 1.06E-06 5.01E-06 2.63E-06
4.55 1 0.149152445 0.22196153 0.17295913 0.0112264286 0.0028318692 0.0016634532 1.04E-06 6.93E-05 4.51E-05 6.04E-06 1.77E-06 5.49E-06 2.34E-06
4.55 1.05 0.145666002 0.201960235 0.191864786 0.0147663027 0.0029675194 0.0015292189 7.78E-06 8.15E-05 4.44E-05 4.44E-06 2.65E-06 5.86E-06 2.02E-06
4.55 1.1 0.141710658 0.182028937 0.208562282 0.0202920669 0.0030127723 0.001366897 2.11E-05 9.13E-05 4.24E-05 2.98E-06 3.71E-06 6.09E-06 1.71E-06
4.55 1.15 0.136958131 0.162836525 0.222390945 0.0280133231 0.0029811988 0.0011858857 4.08E-05 9.82E-05 3.91E-05 1.92E-06 4.88E-06 6.10E-06 1.38E-06
4.55 1.2 0.131167997 0.144962869 0.232791781 0.0380600057 0.0029063499 0.0009958591 6.59E-05 0.0001018163 3.47E-05 1.45E-06 6.04E-06 5.85E-06 1.04E-06
4.55 1.25 0.124201482 0.128872528 0.239337129 0.0504665786 0.0028444187 0.0008061408 9.48E-05 0.0001021451 2.96E-05 1.56E-06 7.02E-06 5.40E-06 7.43E-07
4.55 1.3 0.116026988 0.114895966 0.241754493 0.0651602254 0.0028758424 0.0006253266 0.0001253521 9.93E-05 2.43E-05 2.11E-06 7.71E-06 4.83E-06 5.40E-07
4.55 1.35 0.106717644 0.10321866 0.23994271 0.0819541206 0.0031057064 0.0004610559 0.0001550681 9.33E-05 1.91E-05 3.00E-06 8.11E-06 4.19E-06 4.39E-07
4.55 1.4 0.0964418614 0.0938792549 0.233978062 0.100546889 0.0036625202 0.0003197411 0.0001810449 8.43E-05 1.45E-05 4.28E-06 8.27E-06 3.46E-06 4.15E-07
4.55 1.45 0.0854479788 0.0867777704 0.224109633 0.120528946 0.0046948207 0.0002061961 0.0002003412 7.27E-05 1.08E-05 5.99E-06 8.12E-06 2.64E-06 4.71E-07
4.55 1.5 0.0740438303 0.0816928872 0.210744408 0.141396129 0.0063654195 0.0001232758 0.0002104173 5.91E-05 8.47E-06 8.04E-06 7.60E-06 1.85E-06 6.33E-07
4.55 1.55 0.0625736822 0.0783057115 0.194424343 0.162569214 0.0088438404 7.17E-05 0.0002097383 4.49E-05 7.84E-06 1.01E-05 6.70E-06 1.24E-06 8.92E-07
4.55 1.6 0.0513942846 0.0762276072 0.175797463 0.183417585 0.01229768 5.05E-05 0.0001983547 3.15E-05 9.04E-06 1.18E-05 5.51E-06 8.58E-07 1.19E-06
4.55 1.65 0.0408513881 0.075030341 0.155584053 0.203286051 0.0168833847 5.73E-05 0.000178315 2.04E-05 1.20E-05 1.28E-05 4.21E-06 6.92E-07 1.46E-06
4.55 1.7 0.0312582915 0.0742770086 0.1345399 0.221523325 0.0227367887 8.97E-05 0.0001537851 1.28E-05 1.64E-05 1.30E-05 2.95E-06 6.88E-07 1.71E-06
4.55 1.75 0.02287755 0.0735517459 0.113418638 0.237510953 0.029963638 0.0001466744 0.0001308529 9.62E-06 2.21E-05 1.25E-05 1.81E-06 8.69E-07 1.96E-06
4.55 1.8 0.0159066949 0.0724865121 0.092934996 0.250691924 0.0386301298 0.0002299647 0.0001170802 1.14E-05 2.84E-05 1.17E-05 8.67E-07 1.30E-06 2.20E-06
4.55 1.85 0.0104687352 0.0707835663 0.0737309029 0.260597822 0.0487537324 0.0003457775 0.0001208966 1.86E-05 3.51E-05 1.06E-05 2.13E-07 2.00E-06 2.36E-06
4.55 1.9 0.0066081892 0.0682316666 0.0563465911 0.266871898 0.0602955352 0.0005063027 0.0001509243 3.15E-05 4.14E-05 9.31E-06 3.62E-09 2.85E-06 2.39E-06
4.55 1.95 0.0042924118 0.0647150115 0.0411986418 0.269286366 0.07315505 0.000730934 0.0002153218 5.03E-05 4.68E-05 7.99E-06 3.68E-07 3.71E-06 2.29E-06
4.55 2 0.0034175616 0.0602149277 0.0285660486 0.267753389 0.0871679206 0.0010469762 0.0003212079 7.52E-05 5.08E-05 6.80E-06 1.35E-06 4.51E-06 2.15E-06
4.55 2.05 0.0038185624 0.0548046148 0.018584934 0.262329327 0.102106917 0.0014896515 0.000474197 0.000106025 5.33E-05 5.98E-06 2.89E-06 5.28E-06 2.00E-06
4.55 2.1 0.0052824469 0.0486381495 0.0112519777 0.25321197 0.117686379 0.0021012646 0.0006780903 0.0001423076 5.43E-05 5.81E-06 4.89E-06 6.02E-06 1.87E-06
4.55 2.15 0.0075642402 0.0419349134 0.0064357122 0.24073094 0.133569899 0.0029294723 0.0009347294 0.0001830234 5.42E-05 6.60E-06 7.25E-06 6.69E-06 1.72E-06
4.55 2.2 0.010404223 0.034960365 0.0038944081 0.225331711 0.149380908 0.0040248133 0.0012440017 0.0002264332 5.36E-05 8.65E-06 9.95E-06 7.18E-06 1.60E-06
4.55 2.25 0.0135452514 0.0280045379 0.0032989434 0.207553718 0.164716016 0.0054377195 0.0016040121 0.0002701545 5.33E-05 1.23E-05 1.30E-05 7.44E-06 1.55E-06
4.55 2.3 0.0167489103 0.0213599811 0.0042588857 0.188003858 0.179160537 0.007215308 0.0020114351 0.0003114435 5.39E-05 1.78E-05 1.62E-05 7.51E-06 1.67E-06
4.55 2.35 0.019809482 0.0153006108 0.0063500137 0.16732807 0.19230503 0.0093982999 0.00246191 0.0003476559 5.65E-05 2.54E-05 1.95E-05 7.46E-06 2.00E-06
4.55 2.4 0.0225646271 0.0100628693 0.009141689 0.146182458 0.203761902 0.0120181749 0.0029502771 0.0003767759 6.17E-05 3.50E-05 2.24E-05 7.36E-06 2.57E-06
4.55 2.45 0.0249017826 0.005830401 0.0122226477 0.125204696 0.213181785 0.0150945135 0.0034705721 0.0003978959 7.03E-05 4.62E-05 2.48E-05 7.26E-06 3.37E-06
4.55 2.5 0.0267597402 0.0027233393 0.0152238643 0.104986785 0.220269163 0.0186325496 0.0040158414 0.000411549 8.30E-05 5.84E-05 2.65E-05 7.21E-06 4.30E-06
4.55 2.55 0.0281255623 0.0007930534 0.0178371756 0.0860506649 0.224796192 0.0226208248 0.0045778772 0.0004198197 0.0001004317 7.08E-05 2.76E-05 7.34E-06 5.35E-06
4.55 2.6 0.0290280051 2.26E-05 0.0198285076 0.0688277795 0.226614552 0.027028842 0.0051471862 0.0004262074 0.0001229151 8.28E-05 2.84E-05 7.73E-06 6.53E-06
4.55 2.65 0.0295291903 0.0003320293 0.0210448403 0.0536439961 0.225664246 0.0318053393 0.0057135212 0.0004352721 0.0001505384 9.39E-05 2.87E-05 8.44E-06 7.92E-06
4.55 2.7 0.029715936 0.0015883373 0.0214149519 0.0407117045 0.221977175 0.0368780068 0.0062668872 0.0004520892 0.0001829682 0.0001035314 2.86E-05 9.47E-06 9.47E-06
4.55 2.75 0.0296912506 0.0036171256 0.0209445543 0.0301289127 0.21567522 0.0421550825 0.0067988556 0.0004815891 0.0002195091 0.0001114951 2.79E-05 1.08E-05 1.10E-05
4.55 2.8 0.0295659229 0.0062163894 0.0197067381 0.0218846656 0.206962881 0.0475283202 0.0073038297 0.0005278729 0.0002592813 0.0001175567 2.67E-05 1.24E-05 1.23E-05
4.6 0.8 0.160903945 0.293467566 0.0871290506 0.0116434542 0.0012514886 0.0016869479 4.06E-05 1.47E-05 3.54E-05 1.27E-05 2.17E-07 2.63E-06 2.86E-06
4.6 0.85 0.154685205 0.280887926 0.107176972 0.0103402017 0.0015511076 0.0017488024 2.65E-05 2.44E-05 3.96E-05 1.13E-05 1.67E-07 3.32E-06 2.84E-06
4.6 0.9 0.149845947 0.265416473 0.128053415 0.0097129277 0.0018346375 0.0017684017 1.39E-05 3.63E-05 4.26E-05 9.71E-06 3.26E-07 4.01E-06 2.74E-06
4.6 0.95 0.145989628 0.247682056 0.149085464 0.0100754091 0.0020791806 0.0017443728 4.60E-06 4.96E-05 4.42E-05 8.01E-06 7.45E-07 4.65E-06 2.61E-06
4.6 1 0.142686298 0.228382361 0.16955206 0.0117435198 0.0022643129 0.0016782121 1.64E-07 6.35E-05 4.45E-05 6.40E-06 1.42E-06 5.16E-06 2.42E-06
4.6 1.05 0.139504466 0.208245677 0.188717859 0.0150172642 0.0023758629 0.0015741059 2.13E-06 7.68E-05 4.35E-05 4.90E-06 2.28E-06 5.52E-06 2.13E-06
4.6 1.1 0.136041417 0.187992528 0.205868407 0.0201618929 0.0024098386 0.0014384247 1.16E-05 8.84E-05 4.14E-05 3.55E-06 3.23E-06 5.72E-06 1.76E-06
4.6 1.15 0.131950491 0.168299369 0.220345283 0.0273889612 0.0023761694 0.0012790456 2.89E-05 9.72E-05 3.81E-05 2.44E-06 4.25E-06 5.78E-06 1.42E-06
4.6 1.2 0.126962806 0.149765818 0.231579943 0.0368384922 0.0023020128 0.0011047052 5.35E-05 0.0001025745 3.37E-05 1.78E-06 5.29E-06 5.66E-06 1.12E-06
4.6 1.25 0.12090179 0.132886795 0.239124021 0.0485636953 0.0022344054 0.0009244613 8.41E-05 0.0001041069 2.86E-05 1.72E-06 6.28E-06 5.31E-06 8.50E-07
4.6 1.3 0.113690766 0.118031645 0.242673585 0.0625192486 0.0022420035 0.0007472219 0.0001183516 0.0001018593 2.33E-05 2.27E-06 7.09E-06 4.74E-06 6.19E-07
4.6 1.35 0.105353577 0.10543148 0.242085177 0.0785541796 0.0024157148 0.0005813102 0.000153524 9.61E-05 1.83E-05 3.28E-06 7.62E-06 4.06E-06 4.78E-07
4.6 1.4 0.0960087031 0.0951752996 0.23738288 0.0964101057 0.0028679903 0.0004340739 0.0001864943 8.74E-05 1.41E-05 4.58E-06 7.85E-06 3.36E-06 4.56E-07
4.6 1.45 0.0858575512 0.0872148406 0.228757146 0.115724962 0.0037305284 0.0003115665 0.0002141322 7.61E-05 1.09E-05 6.14E-06 7.81E-06 2.68E-06 5.33E-07
4.6 1.5 0.0751677244 0.081377417 0.216555178 0.136042504 0.0051502058 0.0002182642 0.0002335762 6.30E-05 8.87E-06 7.98E-06 7.51E-06 2.00E-06 6.77E-07
4.6 1.55 0.0642522407 0.0773860179 0.201262332 0.156828223 0.0072830671 0.0001568152 0.0002426554 4.88E-05 8.31E-06 1.00E-05 6.87E-06 1.36E-06 8.91E-07
4.6 1.6 0.0534467118 0.0748849063 0.183475901 0.177490923 0.0102866336 0.0001279669 0.0002404194 3.49E-05 9.40E-06 1.20E-05 5.88E-06 8.83E-07 1.18E-06
4.6 1.65 0.0430866499 0.0734682221 0.163873501 0.197408107 0.0143112357 0.0001308441 0.0002276327 2.28E-05 1.22E-05 1.36E-05 4.62E-06 6.53E-07 1.52E-06
4.6 1.7 0.0334865353 0.0727093599 0.14317872 0.215952938 0.0194910847 0.000163671 0.0002070464 1.40E-05 1.67E-05 1.44E-05 3.29E-06 6.74E-07 1.84E-06
4.6 1.75 0.02492159 0.0721894913 0.122125867 0.232521293 0.0259354347 0.0002248805 0.000183355 9.74E-06 2.23E-05 1.45E-05 2.07E-06 8.88E-07 2.10E-06
4.6 1.8 0.0176128578 0.0715239924 0.101425065 0.24655821 0.0337199771 0.0003144792 0.0001628769 1.09E-05 2.89E-05 1.38E-05 1.08E-06 1.26E-06 2.32E-06
4.6 1.85 0.0117161927 0.0703853533 0.0817291838 0.257583043 0.0428787534 0.0004355323 0.0001530563 1.82E-05 3.57E-05 1.28E-05 3.78E-07 1.83E-06 2.49E-06
4.6 1.9 0.0073157419 0.0685211342 0.0636048258 0.265212053 0.0533968462 0.0005956223 0.000161869 3.20E-05 4.23E-05 1.16E-05 2.72E-08 2.62E-06 2.62E-06
4.6 1.95 0.0044222229 0.0657658957 0.0475089816 0.269176899 0.0652044794 0.0008081165 0.0001972163 5.25E-05 4.83E-05 1.04E-05 1.42E-07 3.57E-06 2.65E-06
4.6 2 0.0029758941 0.062046636 0.0337726125 0.269337513 0.0781735276 0.0010930518 0.0002663854 7.97E-05 5.33E-05 9.22E-06 8.44E-07 4.55E-06 2.57E-06
4.6 2.05 0.0028537645 0.0573816489 0.0225921513 0.265688543 0.0921172051 0.0014774759 0.0003756393 0.0001133848 5.71E-05 8.23E-06 2.18E-06 5.43E-06 2.40E-06
4.6 2.1 0.0038803089 0.0518731964 0.0140289176 0.258359563 0.106792739 0.0019951311 0.000529926 0.0001528787 5.94E-05 7.69E-06 4.09E-06 6.20E-06 2.23E-06
4.6 2.15 0.0058409193 0.0456951425 0.0080161047 0.247609092 0.121906752 0.0026853749 0.0007326615 0.0001971015 6.07E-05 7.95E-06 6.42E-06 6.90E-06 2.09E-06
4.6 2.2 0.0084972226 0.0390765489 0.0043725411 0.233812191 0.137123675 0.0035914036 0.000985622 0.0002443598 6.12E-05 9.35E-06 9.03E-06 7.52E-06 2.00E-06
4.6 2.25 0.011603213 0.0322825276 0.0028218968 0.217442319 0.152076802 0.004757978 0.0012889897 0.0002923594 6.15E-05 1.22E-05 1.18E-05 8.00E-06 1.97E-06
4.6 2.3 0.0149210475 0.0255936395 0.0030156273 0.199049024 0.166381533 0.0062288382 0.0016414968 0.0003383643 6.24E-05 1.66E-05 1.48E-05 8.28E-06 2.02E-06
4.6 2.35 0.0182353411 0.019285237 0.0045582023 0.179232931 0.179650014 0.008044014 0.0020405596 0.0003795461 6.46E-05 2.29E-05 1.79E-05 8.33E-06 2.19E-06
4.6 2.4 0.0213649672 0.0136082756 0.0070332213 0.158619404 0.191506064 0.0102372619 0.0024823331 0.0004134588 6.88E-05 3.10E-05 2.10E-05 8.25E-06 2.55E-06
4.6 2.45 0.0241711975 0.0087726571 0.0100289684 0.137831571 0.201600374 0.0128336625 0.0029616274 0.0004385731 7.59E-05 4.07E-05 2.38E-05 8.17E-06 3.14E-06
4.6 2.5 0.0265613333 0.0049344189 0.0131619752 0.117463386 0.209625897 0.015847189 0.0034717293 0.0004547627 8.66E-05 5.15E-05 2.61E-05 8.19E-06 3.97E-06
4.6 2.55 0.0284880808 0.0021879413 0.0160970294 0.0980541146 0.215332568 0.0192781858 0.0040043508 0.0004635848 0.0001015536 6.28E-05 2.75E-05 8.34E-06 5.00E-06
4.6 2.6 0.0299457412 0.0005634241 0.0185623464 0.0800664502 0.218539845 0.023110985 0.0045498538 0.0004682384 0.0001211337 7.38E-05 2.83E-05 8.66E-06 6.11E-06
4.6 2.65 0.0309645255 2.91E-05 0.0203592604 0.0638701501 0.219145746 0.0273120626 0.005097754 0.0004731933 0.0001455779 8.41E-05 2.85E-05 9.15E-06 7.24E-06
4.6 2.7 0.031603847 0.0004974945 0.0213663987 0.0497320811 0.217131242 0.0318291342 0.0056373795 0.0004835846 0.0001748331 9.32E-05 2.85E-05 9.85E-06 8.42E-06
4.6 2.75 0.0319448051 0.0018342557 0.0215386597 0.037812079 0.212560943 0.0365912081 0.0061586833 0.0005045384 0.0002085832 0.0001012459 2.81E-05 1.08E-05 9.72E-06
4.6 2.8 0.0320824003 0.0038698013 0.0209014347 0.0281642744 0.205580516 0.0415097858 0.0066532681 0.0005405194 0.000246249 0.0001079275 2.75E-05 1.21E-05 1.11E-05
4.65 0.8 0.155521714 0.298240669 0.0843608663 0.012161412 0.0009842913 0.0015472822 5.92E-05 1.09E-05 3.25E-05 1.31E-05 2.62E-07 2.27E-06 2.72E-06
4.65 0.85 0.148824075 0.286159719 0.104100297 0.0109601319 0.0012259547 0.001628468 4.23E-05 1.93E-05 3.72E-05 1.20E-05 1.44E-07 2.93E-06 2.82E-06
4.65 0.9 0.14364676 0.271087695 0.124750653 0.0103788226 0.0014557849 0.0016732836 2.62E-05 2.99E-05 4.09E-05 1.04E-05 2.19E-07 3.59E-06 2.78E-06
4.65 0.95 0.139618232 0.253622456 0.145672598 0.0107123542 0.0016543645 0.001679044 1.26E-05 4.24E-05 4.31E-05 8.61E-06 5.07E-07 4.20E-06 2.60E-06
4.65 1 0.136325539 0.234436055 0.166174969 0.0122600321 0.0018038885 0.0016454338 3.25E-06 5.59E-05 4.37E-05 6.84E-06 1.04E-06 4.74E-06 2.38E-06
4.65 1.05 0.13334486 0.214239298 0.185545788 0.015309344 0.0018913873 0.0015745284 1.20E-07 6.96E-05 4.27E-05 5.25E-06 1.81E-06 5.15E-06 2.13E-06
4.65 1.1 0.130271011 0.193745598 0.203085536 0.0201185027 0.0019121539 0.0014705792 4.74E-06 8.22E-05 4.04E-05 3.91E-06 2.75E-06 5.39E-06 1.84E-06
4.65 1.15 0.126743997 0.173635447 0.218141369 0.0268987009 0.0018731435 0.0013396634 1.81E-05 9.27E-05 3.70E-05 2.85E-06 3.73E-06 5.44E-06 1.50E-06
4.65 1.2 0.122470752 0.15452322 0.230140227 0.0357972481 0.0017961209 0.0011892563 4.02E-05 9.99E-05 3.27E-05 2.13E-06 4.68E-06 5.31E-06 1.16E-06
4.65 1.25 0.117241019 0.136928753 0.238617996 0.0468828956 0.0017202704 0.0010277156 7.01E-05 0.0001032505 2.77E-05 1.91E-06 5.59E-06 5.02E-06 8.92E-07
4.65 1.3 0.110937251 0.121255396 0.243243146 0.0601341822 0.0017040471 0.0008637377 0.0001057192 0.0001024133 2.25E-05 2.30E-06 6.41E-06 4.57E-06 7.01E-07
4.65 1.35 0.103537974 0.107775631 0.243833686 0.0754317833 0.0018260436 0.0007058466 0.0001441406 9.76E-05 1.76E-05 3.30E-06 7.09E-06 3.97E-06 5.64E-07
4.65 1.4 0.0951146907 0.0966250854 0.240366514 0.0925555378 0.0021846384 0.0005619358 0.0001820946 8.94E-05 1.34E-05 4.74E-06 7.52E-06 3.29E-06 4.96E-07
4.65 1.45 0.0858230217 0.0878046985 0.232978651 0.111186467 0.0028963466 0.0004388757 0.0002162186 7.84E-05 1.04E-05 6.40E-06 7.60E-06 2.60E-06 5.36E-07
4.65 1.5 0.0758887081 0.0811903114 0.221960068 0.130914227 0.0040927705 0.0003421965 0.0002434258 6.55E-05 8.66E-06 8.16E-06 7.34E-06 1.98E-06 6.89E-07
4.65 1.55 0.0655897408 0.0765490939 0.207738852 0.151249954 0.0059159945 0.0002758517 0.0002612274 5.15E-05 8.28E-06 1.00E-05 6.79E-06 1.43E-06 9.13E-07
4.65 1.6 0.0552359308 0.0735617198 0.190859325 0.1716442 0.008512385 0.0002420807 0.0002680761 3.75E-05 9.38E-06 1.19E-05 5.98E-06 9.68E-07 1.18E-06
4.65 1.65 0.0451476795 0.0718484919 0.171954361 0.191509086 0.0120249982 0.0002414489 0.0002637347 2.48E-05 1.21E-05 1.36E-05 4.93E-06 6.62E-07 1.49E-06
4.65 1.7 0.0356353673 0.0709974913 0.151713168 0.210243671 0.0165851087 0.0002731823 0.0002496119 1.49E-05 1.63E-05 1.50E-05 3.72E-06 5.90E-07 1.84E-06
4.65 1.75 0.0269808306 0.0705926577 0.130847127 0.227260395 0.0223036368 0.0003359029 0.0002289222 9.44E-06 2.18E-05 1.57E-05 2.48E-06 7.83E-07 2.19E-06
4.65 1.8 0.019421937 0.0702398081 0.110056164 0.24201066 0.029263035 0.0004287466 0.0002065721 9.65E-06 2.83E-05 1.57E-05 1.39E-06 1.19E-06 2.47E-06
