marxslynx/data/efficiency.csv
# %ECSV 0.9
# ---
# datatype:
# - {name: lambda, unit: nm, datatype: float64}
# - {name: theta, unit: degree, datatype: float64}
# - {name: o0, datatype: float64}
# - {name: o1, datatype: float64}
# - {name: o2, datatype: float64}
# - {name: o3, datatype: float64}
# - {name: o4, datatype: float64}
# - {name: o5, datatype: float64}
# - {name: o6, datatype: float64}
# - {name: o7, datatype: float64}
# - {name: o8, datatype: float64}
# - {name: o9, datatype: float64}
# - {name: o10, datatype: float64}
# - {name: o11, datatype: float64}
# - {name: o12, datatype: float64}
# meta: !!omap
# - keywords: !!omap
#   - {Author: Ralf Heilmann}
#   - {ORIGFILE: Si_4um_deep_30pct_dc.xlsx}
#   - {Description: Calculated grating efficiencies}
#   - {Grating: Si 4 my deep}
lambda theta o0 o1 o2 o3 o4 o5 o6 o7 o8 o9 o10 o11 o12
[from data line 2427]
3.65 1.2 0.0909836582 0.149917726 0.174302888 0.135903216 0.0113293593 0.0052180102 0.0020005287 7.65E-06 4.46E-05 5.45E-05 1.10E-05 3.97E-07 5.76E-06
3.65 1.25 0.0732237878 0.148088703 0.157170888 0.166558358 0.0096665891 0.0060804688 0.0020721823 1.80E-06 6.90E-05 6.23E-05 8.97E-06 9.18E-07 6.56E-06
3.65 1.3 0.0584495119 0.14502586 0.137567136 0.196793729 0.0096352672 0.0068057093 0.0020631932 1.02E-05 9.90E-05 6.65E-05 6.74E-06 2.22E-06 7.68E-06
3.65 1.35 0.0469636906 0.140234246 0.116816061 0.224971984 0.0119741388 0.0073005753 0.0019693674 3.48E-05 0.0001293846 6.47E-05 4.17E-06 4.53E-06 9.08E-06
3.65 1.4 0.0388035027 0.133408879 0.0962111945 0.249518985 0.0173452327 0.0074995315 0.0017999863 7.31E-05 0.0001537908 5.72E-05 1.79E-06 7.20E-06 9.83E-06
3.65 1.45 0.0337601011 0.124464668 0.0769106274 0.269035357 0.0262525963 0.0073909583 0.0015748469 0.0001187669 0.0001687094 4.72E-05 3.83E-07 9.15E-06 9.34E-06
3.65 1.5 0.0314107743 0.113545732 0.059852542 0.282388146 0.0389818112 0.0070369188 0.0013189473 0.0001647512 0.0001745957 3.82E-05 2.43E-07 1.01E-05 8.20E-06
3.65 1.55 0.0311632936 0.101015647 0.0456937314 0.288788269 0.0555619234 0.006581993 0.0010576244 0.0002048134 0.0001745969 3.19E-05 9.99E-07 1.12E-05 7.51E-06
3.65 1.6 0.0323144781 0.0874260683 0.034774877 0.287853288 0.0757464257 0.0062497688 0.0008133187 0.0002340687 0.0001717496 2.72E-05 2.28E-06 1.32E-05 7.35E-06
3.65 1.65 0.0341212597 0.0734612809 0.0271150754 0.279639798 0.0990132305 0.0063292578 0.0006035162 0.0002487312 0.0001666899 2.18E-05 4.21E-06 1.56E-05 6.64E-06
3.65 1.7 0.0358778083 0.0598657084 0.0224386048 0.264638709 0.124583411 0.0071537496 0.0004398572 0.0002464056 0.0001575 1.47E-05 6.96E-06 1.67E-05 4.84E-06
3.65 1.75 0.0369873111 0.0473644208 0.0202317415 0.243733474 0.15145828 0.0090755866 0.00032846 0.000226889 0.0001418069 7.26E-06 1.02E-05 1.54E-05 2.77E-06
3.65 1.8 0.0370187201 0.0365865167 0.0198189068 0.218132489 0.178469125 0.0124438107 0.0002716798 0.0001926519 0.0001194906 2.10E-06 1.33E-05 1.26E-05 1.54E-06
3.65 1.85 0.0357435868 0.0279992809 0.0204501436 0.189288321 0.204331807 0.0175878844 0.0002710835 0.0001484401 9.38E-05 8.10E-07 1.53E-05 9.87E-06 1.16E-06
3.65 1.9 0.0331450612 0.0218596446 0.0213937829 0.158801783 0.227709697 0.0248032172 0.0003310111 0.0001003323 7.02E-05 2.81E-06 1.58E-05 7.81E-06 8.22E-07
3.65 1.95 0.0293958088 0.0181894925 0.0220241647 0.128304287 0.247292581 0.0343316261 0.0004625489 5.52E-05 5.35E-05 5.96E-06 1.46E-05 5.85E-06 3.46E-07
3.65 2 0.0248096728 0.0167799563 0.021891468 0.0993201271 0.261899789 0.0463310832 0.0006878779 2.17E-05 4.60E-05 8.30E-06 1.24E-05 3.48E-06 3.63E-07
3.65 2.05 0.0197785602 0.0172273138 0.020761913 0.07313163 0.2706021 0.0608339075 0.0010453194 1.16E-05 4.78E-05 9.34E-06 9.78E-06 1.29E-06 1.19E-06
3.65 2.1 0.0147137308 0.0189947675 0.0186222915 0.0506777061 0.272828094 0.0777030525 0.0015948474 4.19E-05 5.75E-05 1.00E-05 7.13E-06 1.73E-07 2.28E-06
3.65 2.15 0.0100027039 0.0214850361 0.0156517848 0.0325015258 0.268429996 0.0966000285 0.0024223549 0.0001337914 7.34E-05 1.16E-05 4.51E-06 3.81E-07 2.98E-06
3.65 2.2 0.0059823628 0.0241106185 0.0121710084 0.0187498685 0.257700781 0.116975984 0.0036395761 0.0003102071 9.33E-05 1.52E-05 2.40E-06 1.61E-06 3.29E-06
3.65 2.25 0.0029220651 0.0263524651 0.0085795102 0.0092179956 0.241340143 0.138094264 0.005377352 0.0005888095 0.0001156374 2.11E-05 1.82E-06 3.61E-06 3.81E-06
3.65 2.3 0.0010100118 0.0278017569 0.0052923604 0.0034258201 0.220373885 0.159085886 0.0077718291 0.0009756049 0.0001404923 2.90E-05 3.64E-06 6.33E-06 4.96E-06
3.65 2.35 0.0003388127 0.0281836781 0.0026851009 0.0007087041 0.196038239 0.179027933 0.0109463196 0.0014626859 0.0001706084 3.71E-05 7.94E-06 9.65E-06 6.29E-06
3.65 2.4 0.000890046 0.0273691853 0.0010515181 0.0003051674 0.169661511 0.197022607 0.0149938305 0.0020325785 0.0002106657 4.34E-05 1.41E-05 1.32E-05 7.02E-06
3.65 2.45 0.0025270972 0.0253793636 0.000573289 0.0014330532 0.142569655 0.212261502 0.0199632283 0.0026658414 0.0002646451 4.68E-05 2.14E-05 1.66E-05 6.90E-06
3.65 2.5 0.0050073309 0.0223793946 0.0013012105 0.0033554208 0.116013775 0.224068864 0.0258510563 0.003347242 0.0003335449 4.93E-05 2.97E-05 1.98E-05 6.40E-06
3.65 2.55 0.0080170901 0.0186587732 0.003148896 0.0054362878 0.0911108085 0.231926069 0.0326009787 0.0040680901 0.000415032 5.46E-05 4.00E-05 2.26E-05 6.34E-06
3.65 2.6 0.0112242786 0.0145944185 0.005900998 0.0071840045 0.0687907115 0.235487735 0.0401090532 0.0048251909 0.0005050046 6.79E-05 5.41E-05 2.50E-05 7.32E-06
3.65 2.65 0.014334512 0.0105994424 0.0092378978 0.0082786847 0.0497498556 0.234596448 0.0482308609 0.0056186054 0.0005999191 9.48E-05 7.25E-05 2.69E-05 9.46E-06
3.65 2.7 0.0171367194 0.0070677383 0.0127754314 0.0085810468 0.0344201465 0.22929237 0.0567891363 0.006449288 0.0006988238 0.0001405977 9.30E-05 2.85E-05 1.24E-05
3.65 2.75 0.0195257188 0.0043224665 0.0161134158 0.0081205231 0.0229564315 0.219810491 0.0655814105 0.0073179732 0.0008049461 0.0002089437 0.0001116247 3.02E-05 1.57E-05
3.65 2.8 0.0214951504 0.0025760165 0.0188856773 0.0070646361 0.0152430186 0.20656781 0.0743803362 0.0082249228 0.000926583 0.000299136 0.0001255085 3.21E-05 1.88E-05
3.7 0.8 0.244809056 0.187946383 0.139785552 0.0005850357 0.0206388757 0.0002444713 0.0003600923 5.87E-05 5.71E-06 2.44E-06 6.36E-06 2.94E-06 3.35E-07
3.7 0.85 0.232528543 0.178267033 0.159767875 0.0033012209 0.0220308828 0.0004295506 0.0005196156 7.35E-05 4.05E-06 3.99E-06 9.20E-06 2.91E-06 1.71E-07
3.7 0.9 0.217529044 0.169299376 0.177331274 0.0090583119 0.0227038401 0.0006914052 0.0007092734 8.70E-05 1.74E-06 7.22E-06 1.08E-05 2.55E-06 1.28E-07
3.7 0.95 0.199956691 0.1615987 0.191259664 0.0184780944 0.0225720573 0.0010379551 0.0009208963 9.40E-05 1.99E-07 1.29E-05 1.13E-05 2.05E-06 4.01E-07
3.7 1 0.180229296 0.155503564 0.200543769 0.0320001657 0.0216220561 0.0014740276 0.0011439023 9.11E-05 9.93E-07 2.09E-05 1.20E-05 1.50E-06 8.56E-07
3.7 1.05 0.159001465 0.151096634 0.204489071 0.0498059049 0.0199275318 0.0020006797 0.0013670855 7.81E-05 4.86E-06 2.99E-05 1.34E-05 9.08E-07 1.33E-06
3.7 1.1 0.13710301 0.14820001 0.202794724 0.0717535168 0.0176656169 0.0026126231 0.0015790015 5.84E-05 1.14E-05 3.78E-05 1.48E-05 3.43E-07 2.01E-06
3.7 1.15 0.115456977 0.146404829 0.195590775 0.0973349658 0.015132998 0.0032934275 0.0017666768 3.70E-05 2.00E-05 4.37E-05 1.50E-05 2.05E-08 3.26E-06
3.7 1.2 0.0949802928 0.145132908 0.183421685 0.125674309 0.012756826 0.0040100776 0.0019149276 1.87E-05 3.13E-05 4.86E-05 1.35E-05 9.85E-08 4.93E-06
3.7 1.25 0.0764893092 0.143718719 0.167182177 0.155573688 0.0110896269 0.0047095759 0.0020074525 7.73E-06 4.72E-05 5.36E-05 1.10E-05 5.31E-07 6.36E-06
3.7 1.3 0.0606258529 0.141499343 0.148019669 0.18559943 0.0107798546 0.0053211435 0.0020298775 7.74E-06 6.94E-05 5.90E-05 8.35E-06 1.25E-06 7.13E-06
3.7 1.35 0.0478076128 0.137899905 0.127214915 0.214197975 0.012515915 0.0057676273 0.0019743883 2.06E-05 9.72E-05 6.28E-05 5.81E-06 2.43E-06 7.58E-06
3.7 1.4 0.0382070123 0.132502298 0.106060488 0.239820866 0.016950085 0.0059857835 0.0018432924 4.54E-05 0.0001264581 6.24E-05 3.34E-06 4.41E-06 8.26E-06
3.7 1.45 0.0317532043 0.125091283 0.0857543163 0.261044444 0.0246186758 0.0059496558 0.0016495079 7.87E-05 0.0001517659 5.64E-05 1.20E-06 7.06E-06 9.07E-06
3.7 1.5 0.0281529368 0.115676 0.0673134956 0.276675319 0.0358728286 0.0056905824 0.0014139738 0.0001153148 0.000168242 4.63E-05 8.76E-08 9.53E-06 9.21E-06
3.7 1.55 0.0269284263 0.104486455 0.0515075926 0.285830915 0.0508297208 0.0053102791 0.0011612042 0.0001501831 0.0001739044 3.56E-05 3.86E-07 1.10E-05 8.24E-06
3.7 1.6 0.0274671923 0.0919485657 0.0388146751 0.287993945 0.0693491636 0.004984245 0.0009150297 0.0001795683 0.0001702519 2.72E-05 1.66E-06 1.14E-05 6.80E-06
3.7 1.65 0.0290807122 0.0786420642 0.0294048315 0.283042686 0.0910329746 0.0049542243 0.000695779 0.0002009116 0.0001606638 2.15E-05 3.23E-06 1.20E-05 5.77E-06
3.7 1.7 0.0310714114 0.0652451311 0.0231515093 0.271257512 0.11523892 0.0055123063 0.0005191264 0.0002121368 0.0001476316 1.68E-05 4.92E-06 1.32E-05 5.15E-06
3.7 1.75 0.0328044427 0.0524669493 0.0196699864 0.253305176 0.141105323 0.0069798754 0.0003961594 0.0002111961 0.0001313007 1.17E-05 7.00E-06 1.43E-05 4.15E-06
3.7 1.8 0.0337727896 0.0409737206 0.0183786845 0.230198777 0.16758703 0.0096851883 0.0003339576 0.0001963398 0.0001107043 6.43E-06 9.64E-06 1.37E-05 2.55E-06
3.7 1.85 0.0336436821 0.0313173028 0.0185774732 0.203233362 0.19350353 0.0139424329 0.0003365289 0.0001670914 8.65E-05 3.03E-06 1.24E-05 1.12E-05 1.15E-06
3.7 1.9 0.032276644 0.0238767889 0.0195349551 0.173894699 0.217601541 0.0200334681 0.0004063974 0.0001255874 6.25E-05 3.19E-06 1.42E-05 7.76E-06 6.67E-07
3.7 1.95 0.0297127901 0.018821471 0.0205740081 0.143746918 0.238631061 0.0281914169 0.0005476083 7.76E-05 4.42E-05 6.91E-06 1.43E-05 5.04E-06 8.00E-07
3.7 2 0.026142323 0.0160999706 0.021145675 0.114309977 0.255431986 0.0385812215 0.0007704527 3.27E-05 3.64E-05 1.24E-05 1.25E-05 3.29E-06 8.77E-07
3.7 2.05 0.0218606802 0.0154568989 0.0208823275 0.0869358979 0.267027885 0.0512731498 0.0010969305 3.77E-06 4.03E-05 1.74E-05 9.60E-06 1.96E-06 9.36E-07
3.7 2.1 0.0172232027 0.0164739786 0.019622103 0.0627029524 0.272715301 0.0662116142 0.0015659343 6.33E-06 5.42E-05 2.08E-05 6.62E-06 7.70E-07 1.60E-06
3.7 2.15 0.0126044418 0.0186271396 0.0174030926 0.0423445736 0.27213786 0.0831848669 0.00223731 5.82E-05 7.48E-05 2.33E-05 4.24E-06 1.21E-07 3.09E-06
3.7 2.2 0.0083655762 0.0213498706 0.0144315744 0.0262216631 0.265332848 0.101804367 0.0031935167 0.0001781334 9.96E-05 2.60E-05 2.71E-06 6.36E-07 4.75E-06
3.7 2.25 0.0048304759 0.0240927457 0.0110330276 0.0143425765 0.252725758 0.121505368 0.0045372039 0.0003825042 0.0001277059 3.07E-05 2.12E-06 2.60E-06 5.70E-06
3.7 2.3 0.002263033 0.0263722841 0.0075956393 0.0064167745 0.235076735 0.141574097 0.0063832641 0.0006817073 0.0001608018 3.76E-05 2.77E-06 5.77E-06 5.86E-06
3.7 2.35 0.0008417846 0.0278088635 0.0045139807 0.0019248886 0.213403014 0.161199074 0.0088453183 0.0010769936 0.0002023093 4.59E-05 5.31E-06 9.60E-06 6.06E-06
3.7 2.4 0.000637036 0.0281544257 0.0021391733 0.0001967522 0.188887695 0.179538435 0.0120194831 0.0015601685 0.0002562184 5.30E-05 1.05E-05 1.35E-05 6.91E-06
3.7 2.45 0.0015987969 0.0273086637 0.0007393517 0.000488817 0.162786753 0.195787816 0.0159701649 0.0021167961 0.0003247417 5.73E-05 1.85E-05 1.70E-05 8.18E-06
3.7 2.5 0.0035626406 0.0253211638 0.0004715253 0.0020544997 0.136344273 0.209234047 0.0207216454 0.0027312997 0.0004063726 5.92E-05 2.84E-05 1.97E-05 9.04E-06
3.7 2.55 0.0062753726 0.0223777113 0.001365064 0.004204553 0.11071882 0.219292928 0.0262552189 0.0033912296 0.0004960388 6.24E-05 3.85E-05 2.15E-05 8.97E-06
3.7 2.6 0.009436565 0.0187727841 0.0033184615 0.0063566029 0.0869237001 0.225533375 0.03251011 0.0040887532 0.0005874071 7.17E-05 4.84E-05 2.29E-05 8.33E-06
3.7 2.65 0.0127485276 0.0148713131 0.0061109142 0.0080726131 0.0657815125 0.227691946 0.0393873889 0.0048192329 0.0006757165 9.16E-05 5.93E-05 2.46E-05 8.06E-06
3.7 2.7 0.015963765 0.011061979 0.0094284915 0.0090813964 0.0478903869 0.225679036 0.0467561784 0.0055784131 0.0007597479 0.0001250907 7.31E-05 2.72E-05 9.07E-06
3.7 2.75 0.0189177962 0.0077068374 0.0129023069 0.0092835608 0.0336016503 0.219579151 0.0544593971 0.0063598415 0.0008426128 0.0001744001 9.00E-05 3.03E-05 1.18E-05
3.7 2.8 0.0215363619 0.0050935906 0.0161552353 0.0087374324 0.0230080906 0.209650557 0.0623153095 0.0071543705 0.0009320493 0.000239913 0.0001083466 3.33E-05 1.62E-05
3.75 0.8 0.242977741 0.190536143 0.138386974 0.0002085122 0.0197577852 0.0001853785 0.0002541616 7.19E-05 8.43E-06 1.29E-06 4.79E-06 3.27E-06 2.14E-07
3.75 0.85 0.231683672 0.179955778 0.158979224 0.0022563792 0.0212598911 0.0003164262 0.0003880357 8.35E-05 7.31E-06 2.67E-06 7.77E-06 3.43E-06 1.22E-07
3.75 0.9 0.217865321 0.169878964 0.177409994 0.0071383258 0.0221005827 0.0005058081 0.0005564049 9.50E-05 5.21E-06 5.16E-06 1.11E-05 3.27E-06 7.74E-08
3.75 0.95 0.201559096 0.160932752 0.192469258 0.0154694794 0.0221894666 0.0007623117 0.000754142 0.0001029996 2.67E-06 9.29E-06 1.33E-05 2.79E-06 1.03E-07
3.75 1 0.183054524 0.153554734 0.203122394 0.027703208 0.021508177 0.0010911755 0.0009709631 0.0001033616 1.09E-06 1.54E-05 1.38E-05 2.16E-06 4.22E-07
3.75 1.05 0.162874713 0.147944978 0.208612128 0.044063037 0.0201211997 0.001493382 0.00119337 9.40E-05 2.07E-06 2.33E-05 1.37E-05 1.55E-06 1.10E-06
3.75 1.1 0.141729225 0.144046372 0.208539955 0.0644843595 0.0181864196 0.0019642634 0.001406991 7.63E-05 6.38E-06 3.16E-05 1.41E-05 9.52E-07 1.87E-06
3.75 1.15 0.12044344 0.141561257 0.202911427 0.0885760674 0.0159655993 0.0024910511 0.0015981063 5.48E-05 1.36E-05 3.89E-05 1.50E-05 3.99E-07 2.58E-06
3.75 1.2 0.0998766893 0.139997602 0.192135473 0.115611805 0.0138308803 0.0030497004 0.0017539461 3.46E-05 2.30E-05 4.43E-05 1.51E-05 5.58E-08 3.47E-06
3.75 1.25 0.0808421129 0.138735077 0.176977912 0.144555015 0.0122620883 0.0036024024 0.0018624027 2.02E-05 3.45E-05 4.83E-05 1.37E-05 1.52E-07 4.77E-06
3.75 1.3 0.0640345114 0.137106361 0.158479233 0.17411755 0.0118290326 0.0040982231 0.0019124398 1.39E-05 4.93E-05 5.19E-05 1.07E-05 7.32E-07 6.24E-06
3.75 1.35 0.0499702838 0.134483939 0.13785228 0.202849959 0.0131546311 0.0044787477 0.001896031 1.67E-05 6.93E-05 5.58E-05 7.36E-06 1.65E-06 7.33E-06
3.75 1.4 0.0389476832 0.130358209 0.11637226 0.229253052 0.0168582915 0.0046897485 0.0018108496 2.86E-05 9.46E-05 5.88E-05 4.49E-06 2.83E-06 7.77E-06
3.75 1.45 0.0310311576 0.124396806 0.0952684933 0.25189579 0.023486234 0.0046984652 0.001662372 4.81E-05 0.0001223235 5.84E-05 2.28E-06 4.48E-06 7.87E-06
3.75 1.5 0.0260576248 0.116479093 0.0756256358 0.269531027 0.0334404736 0.0045134701 0.0014647211 7.29E-05 0.0001469452 5.29E-05 7.20E-07 6.68E-06 7.98E-06
3.75 1.55 0.0236648677 0.106703004 0.0583079143 0.281188141 0.0469205881 0.004201094 0.0012387689 0.0001001782 0.0001624213 4.28E-05 1.45E-08 9.04E-06 7.99E-06
3.75 1.6 0.0233351808 0.0953693141 0.0439120235 0.286231306 0.0638893104 0.0038931242 0.0010080627 0.0001273041 0.000165333 3.13E-05 4.04E-07 1.07E-05 7.40E-06
3.75 1.65 0.0244486691 0.0829497744 0.0327452941 0.284387839 0.0840626104 0.0037846796 0.00079479 0.0001520413 0.0001565263 2.19E-05 1.75E-06 1.13E-05 6.12E-06
3.75 1.7 0.0263443034 0.0700415379 0.024825541 0.275757927 0.106918605 0.0041239701 0.0006174984 0.0001725485 0.0001400602 1.59E-05 3.62E-06 1.12E-05 4.68E-06
3.75 1.75 0.02838414 0.0573100424 0.0199031151 0.260811093 0.131719418 0.0051960741 0.0004906655 0.0001867078 0.0001202619 1.23E-05 5.64E-06 1.11E-05 3.66E-06
3.75 1.8 0.0300156571 0.0454242425 0.0175065253 0.240367597 0.15753947 0.0073033014 0.0004250511 0.0001914471 9.93E-05 9.34E-06 7.79E-06 1.13E-05 2.92E-06
3.75 1.85 0.0308232653 0.0349874124 0.0170080967 0.21555522 0.183302294 0.010744974 0.0004278746 0.0001829693 7.76E-05 6.73E-06 1.01E-05 1.08E-05 2.00E-06
3.75 1.9 0.0305576926 0.0264710463 0.0177032609 0.187732402 0.207835793 0.0157972537 0.0005030062 0.0001585491 5.59E-05 5.67E-06 1.22E-05 8.92E-06 9.85E-07
3.75 1.95 0.0291392633 0.0201654799 0.0188941096 0.158380568 0.229946907 0.0226932364 0.0006522182 0.0001193123 3.75E-05 7.85E-06 1.32E-05 5.96E-06 5.16E-07
3.75 2 0.0266401172 0.0161573322 0.0199656773 0.128985621 0.24850261 0.0316043774 0.0008785605 7.21E-05 2.71E-05 1.37E-05 1.26E-05 3.28E-06 8.78E-07
3.75 2.05 0.0232525877 0.0143331217 0.0204456383 0.100922546 0.262511302 0.0426223198 0.0011916919 2.95E-05 2.83E-05 2.20E-05 1.06E-05 1.69E-06 1.61E-06
3.75 2.1 0.0192536456 0.0144042947 0.0200411491 0.0753532368 0.271200493 0.0557397611 0.001613786 7.59E-06 4.13E-05 3.05E-05 8.03E-06 9.64E-07 2.17E-06
3.75 2.15 0.0149733383 0.0159476749 0.0186510867 0.0531529123 0.274079945 0.0708292471 0.0021843173 2.35E-05 6.37E-05 3.77E-05 5.74E-06 5.48E-07 2.75E-06
