marxslynx/data/efficiency.csv
# %ECSV 0.9
# ---
# datatype:
# - {name: lambda, unit: nm, datatype: float64}
# - {name: theta, unit: degree, datatype: float64}
# - {name: o0, datatype: float64}
# - {name: o1, datatype: float64}
# - {name: o2, datatype: float64}
# - {name: o3, datatype: float64}
# - {name: o4, datatype: float64}
# - {name: o5, datatype: float64}
# - {name: o6, datatype: float64}
# - {name: o7, datatype: float64}
# - {name: o8, datatype: float64}
# - {name: o9, datatype: float64}
# - {name: o10, datatype: float64}
# - {name: o11, datatype: float64}
# - {name: o12, datatype: float64}
# meta: !!omap
# - keywords: !!omap
#   - {Author: Ralf Heilmann}
#   - {ORIGFILE: Si_4um_deep_30pct_dc.xlsx}
#   - {Description: Calculated grating efficiencies}
#   - {Grating: Si 4 my deep}
lambda theta o0 o1 o2 o3 o4 o5 o6 o7 o8 o9 o10 o11 o12
[from data line 854]
1.7 2.5 0.0600545646 0.030956549 0.0149926748 0.0314249377 0.011984615 0.0048989485 0.000852365 0.0023739042 0.0046918177 0.0140240948 0.106882482 0.0214556796 0.000481658
1.7 2.55 0.0753327203 0.0336092906 0.0126540658 0.0261848768 0.0096628568 0.005027236 0.0013313613 0.0017925852 0.0027594512 0.0036635664 0.0888591341 0.0303399631 0.0005752867
1.7 2.6 0.0861361043 0.0313934057 0.0090878554 0.0209011549 0.0089274482 0.0063049517 0.0020883582 0.001235635 0.0008607413 0.0023126892 0.067464322 0.0385179828 0.0034111884
1.7 2.65 0.0902799315 0.0264153838 0.0060721579 0.0170765205 0.0096926394 0.0080440512 0.0027304976 0.0009880238 0.0001569549 0.0062098409 0.0472867094 0.0436321439 0.0081849501
1.7 2.7 0.0911983932 0.0222432237 0.0047422123 0.0148139131 0.0108730289 0.0092215509 0.0028851976 0.0009595572 0.0006473795 0.0111384934 0.0305106783 0.0440881688 0.0128125706
1.7 2.75 0.095302338 0.0208238076 0.0047104777 0.0132085955 0.0112114814 0.0090331698 0.0023977331 0.0009002579 0.0014382027 0.0134251527 0.0174312216 0.0397403849 0.0156306583
1.7 2.8 0.106788972 0.020963779 0.0046078231 0.0113037971 0.0101520029 0.007435851 0.0015153246 0.0006984098 0.0016453045 0.0114911218 0.0080520261 0.0319565451 0.0164744664
1.75 0.8 0.240626049 0.101342912 0.026884793 0.0758436403 0.10029698 0.0211917371 0.0107415934 0.0013702443 0.0011302407 1.10E-05 0.0001355996 1.46E-05 1.91E-05
1.75 0.85 0.242069431 0.0925922808 0.0235555941 0.0724676618 0.0986227394 0.0380251136 0.0077221628 0.0016016794 0.0009990726 7.58E-06 0.0001922243 9.97E-06 2.62E-05
1.75 0.9 0.242697441 0.0867411269 0.0221267331 0.0676221457 0.0946445131 0.0576018797 0.0048152865 0.0018547602 0.0005530777 3.07E-05 0.0001349422 1.27E-05 3.40E-05
1.75 0.95 0.239391027 0.0847653495 0.022061346 0.0620658518 0.0909493023 0.0769726388 0.0038602993 0.0019176416 0.0001433363 0.0001315596 5.81E-05 1.15E-05 1.82E-05
1.75 1 0.230329406 0.0870452182 0.0226603029 0.056315518 0.0893860221 0.0943942078 0.0058089109 0.0016119382 0.0002203405 0.0002387286 0.0001035587 1.12E-05 2.85E-07
1.75 1.05 0.215866074 0.0931837418 0.0231419287 0.050734152 0.0906520054 0.109534561 0.0104953904 0.0011562054 0.0009149836 0.0001970734 0.000239393 5.43E-05 2.11E-05
1.75 1.1 0.198406058 0.101828958 0.0228466492 0.0457962133 0.09418564 0.122649345 0.017533227 0.0011770998 0.0017679793 7.22E-05 0.000289351 0.0001315246 4.33E-05
1.75 1.15 0.181011049 0.110785169 0.0215552956 0.0421445616 0.0982508064 0.133530321 0.02765967 0.0021430127 0.0020088933 0.0003431321 0.0001886537 0.0001407114 1.94E-05
1.75 1.2 0.165536754 0.117652217 0.0197412174 0.0402890967 0.100308653 0.141124918 0.043329437 0.0036983861 0.0013002314 0.0015449852 9.72E-05 5.80E-05 1.41E-05
1.75 1.25 0.151565296 0.120834329 0.0184949256 0.0401415986 0.0978054844 0.144109991 0.067745166 0.0047023787 0.0002647484 0.0035399016 0.0002024537 4.90E-05 9.40E-05
1.75 1.3 0.136993252 0.120330436 0.0190293271 0.0408290582 0.0892495451 0.141835878 0.102499268 0.0043174834 0.0001564662 0.005221969 0.0004844772 0.0002469318 0.0001737683
1.75 1.35 0.119764049 0.117684184 0.021977457 0.0409805918 0.0750792592 0.134804356 0.145099582 0.0036667313 0.0018083037 0.0052280787 0.0007709689 0.0005089025 0.0001376963
1.75 1.4 0.0994145373 0.114971699 0.0268757709 0.0393427052 0.057747452 0.124299408 0.188131367 0.0069559863 0.0047117901 0.0032524807 0.0010350285 0.0005613714 3.97E-05
1.75 1.45 0.0775823167 0.113389616 0.0322218265 0.035461385 0.040874868 0.111462552 0.221148392 0.0209339743 0.0070665098 0.0007921193 0.0014774266 0.0003488398 2.42E-05
1.75 1.5 0.0572296089 0.112274613 0.0362353197 0.0300513351 0.0277521472 0.0966190507 0.234800095 0.0521789571 0.0069570174 0.0003812044 0.0021320023 0.0001112848 9.68E-05
1.75 1.55 0.0409605615 0.10930592 0.0379497999 0.024691423 0.0199233992 0.0795219848 0.224979639 0.103063067 0.0040558752 0.0036011489 0.0025300953 0.0001012787 0.0001292442
1.75 1.6 0.0295597805 0.101968065 0.0378728274 0.0209365829 0.0167225912 0.0603575155 0.194655559 0.168540902 0.0008484212 0.0094584031 0.0021536269 0.0003037899 8.64E-05
1.75 1.65 0.0218398169 0.0893421953 0.0376898193 0.0194388401 0.0160281409 0.0406561885 0.152549453 0.235825972 0.0025891091 0.0146736196 0.0013488334 0.0004852298 8.05E-05
1.75 1.7 0.015751829 0.072924908 0.0390766256 0.0195733172 0.0156390425 0.0232549596 0.109244188 0.287899831 0.0158146137 0.0159004024 0.0015062665 0.0004768722 0.0001561972
1.75 1.75 0.0099502313 0.0558868433 0.0423809532 0.019830632 0.0144241231 0.0111358297 0.0728687576 0.309840508 0.0458122278 0.0122691606 0.0038973973 0.0003520221 0.0001987184
1.75 1.8 0.0047039565 0.0413163391 0.0462005582 0.0188057099 0.0126441788 0.0058672102 0.046747429 0.295007466 0.093795578 0.0063110245 0.0081153431 0.0003345705 0.0001290968
1.75 1.85 0.0014498929 0.0306684083 0.0482063708 0.0161593774 0.0114202055 0.0066991112 0.029824546 0.247915325 0.154733806 0.0027175423 0.0118454233 0.0005683786 3.61E-05
1.75 1.9 0.0013000104 0.0233188481 0.0466518706 0.0129164491 0.0117558854 0.0108674364 0.0189804585 0.182270399 0.217068138 0.0061758893 0.01250988 0.0010069787 3.81E-05
1.75 1.95 0.0037435345 0.0174398303 0.0415748187 0.0108446032 0.0137049913 0.0149378592 0.0115220705 0.115219046 0.265440305 0.0198528597 0.0094491373 0.0015107571 0.0001132857
1.75 2 0.0067968756 0.0116338385 0.0348789663 0.0112763245 0.0162137951 0.0164371172 0.0064268757 0.0607790098 0.286178601 0.0449358816 0.0047265253 0.0019617824 0.0001429653
1.75 2.05 0.0086381815 0.0061180857 0.0291429763 0.0141541557 0.0177501434 0.0148544221 0.0039796951 0.025619672 0.273051336 0.0803984346 0.0018588132 0.002249447 8.53E-05
1.75 2.1 0.0093444802 0.0024546447 0.0258838923 0.0179659618 0.0172662422 0.0114634135 0.0044723175 0.0086554003 0.230030663 0.122357994 0.0036258074 0.0022725548 3.15E-05
1.75 2.15 0.0110294701 0.0020418174 0.024576396 0.0207052285 0.0148673143 0.0082216088 0.0071604268 0.0038191328 0.169522446 0.163704474 0.010768546 0.0020684857 6.33E-05
1.75 2.2 0.0158713681 0.0046304652 0.0232373711 0.0212731349 0.0117759914 0.0065441746 0.0102984081 0.004120726 0.107042148 0.195300206 0.0223250606 0.001916954 0.000130461
1.75 2.25 0.0236756875 0.0082600564 0.0201382186 0.0202503359 0.0095931119 0.0066769298 0.0120749579 0.0047392017 0.0553798649 0.208976862 0.0369214685 0.0022157657 0.0001750071
1.75 2.3 0.0314411858 0.0108133252 0.0152646728 0.0194212403 0.0093479241 0.0078685792 0.0115963119 0.0039865301 0.0211383596 0.200912579 0.0536691838 0.0031628585 0.0003542071
1.75 2.35 0.0357171072 0.011810326 0.0103400236 0.0203960892 0.0109134153 0.0090045745 0.0092053765 0.0024392004 0.0043991866 0.173384352 0.0717954076 0.0046167251 0.000935047
1.75 2.4 0.0359061933 0.0127878557 0.0074232434 0.0233176105 0.0130920522 0.0092322126 0.0060169869 0.0012932415 0.0005771102 0.133709641 0.0894975882 0.0063870072 0.0018197514
1.75 2.45 0.0355138585 0.0158273512 0.0072468169 0.0265988177 0.0143285572 0.0083158536 0.003160473 0.0010991474 0.0031820667 0.091109024 0.103396409 0.0086757293 0.0023505071
1.75 2.5 0.03973778 0.0213994984 0.0086311055 0.0279329157 0.0136564189 0.0066702553 0.0012956856 0.001514438 0.0064884474 0.0534247122 0.109653217 0.0121477661 0.0019283111
1.75 2.55 0.0509026232 0.0273975683 0.0094755016 0.0259514148 0.0113333211 0.0051264328 0.0005830995 0.001885473 0.0073118103 0.0253963777 0.106220773 0.0174300848 0.0009025252
1.75 2.6 0.0658343896 0.0304582413 0.0084715262 0.0212197377 0.0086826566 0.0045213935 0.0008825785 0.0018920798 0.005395017 0.008729252 0.0942472206 0.0244019079 0.0005987082
1.75 2.65 0.0779946146 0.0286607356 0.006034909 0.0157328036 0.0071814809 0.0052459576 0.0018587002 0.0016568373 0.0024303955 0.0027850519 0.0772749075 0.0318596399 0.0022126838
1.75 2.7 0.0828102717 0.0232286931 0.0037143711 0.0114248229 0.0074533909 0.0069610131 0.0029771774 0.0014124844 0.0003812093 0.0049101664 0.0590176557 0.0378709867 0.0056513383
1.75 2.75 0.0815857067 0.0176071102 0.0027389167 0.0089993234 0.008903648 0.0086971534 0.003626207 0.001223022 0.0001082838 0.0107302536 0.0417564332 0.0406211432 0.0095606015
1.75 2.8 0.0805871295 0.0146451787 0.0030452208 0.0079083795 0.0102152494 0.0093625996 0.0034201511 0.0010054155 0.0010403936 0.0153560742 0.0264499578 0.0392313452 0.0124836907
1.8 0.8 0.237501575 0.108320676 0.0299280648 0.0698736152 0.103802626 0.0134752804 0.0100496671 0.0015874536 0.0008664275 2.61E-05 7.47E-05 1.20E-05 4.72E-06
1.8 0.85 0.242284241 0.100792636 0.0252886979 0.0692263722 0.10279122 0.0272304775 0.0076786094 0.0017911357 0.0008545016 4.10E-05 0.000181187 9.75E-06 6.06E-06
1.8 0.9 0.247801018 0.0949797405 0.022993105 0.0680557151 0.0983530745 0.0447429594 0.0049642562 0.0018034239 0.0005248233 4.39E-05 0.0002089238 9.20E-06 2.58E-05
1.8 0.95 0.249919903 0.091915819 0.0226862664 0.066322713 0.0934016311 0.0635455901 0.0034102177 0.0015943496 0.0001129972 7.27E-05 0.0001015338 2.74E-05 5.84E-05
1.8 1 0.245171584 0.0923705562 0.0237590252 0.0636981909 0.0901545544 0.0821966471 0.0038938437 0.0011454746 4.05E-05 0.0001761976 3.08E-05 4.33E-05 4.97E-05
1.8 1.05 0.232146877 0.0966994968 0.0253556453 0.0597757 0.0897608703 0.100611524 0.0062558563 0.0006476677 0.000604247 0.0002919153 0.0001715155 3.23E-05 7.32E-06
1.8 1.1 0.21217702 0.104507126 0.0264645588 0.0545236715 0.0923464767 0.119174585 0.0098838705 0.0006174174 0.0016430708 0.0002938392 0.0004197435 3.67E-05 1.23E-05
1.8 1.15 0.188826695 0.114294413 0.0262413853 0.0486475848 0.0970322646 0.137403556 0.0150553276 0.0016220168 0.0024962724 0.0002837301 0.0005043509 9.37E-05 6.38E-05
1.8 1.2 0.166183523 0.12350009 0.0244895756 0.0434703734 0.101863228 0.153261048 0.0240753922 0.0036384154 0.0024524493 0.0007574328 0.0003352051 0.0001317396 7.11E-05
1.8 1.25 0.146665644 0.129267794 0.0219641839 0.040224018 0.104032184 0.163716689 0.0410725565 0.0056135412 0.0014669555 0.002215943 0.0001197369 8.03E-05 3.13E-05
1.8 1.3 0.129892368 0.129744383 0.0201699301 0.0392303626 0.10073468 0.166213968 0.0700291303 0.0059488586 0.0004983017 0.0044317157 0.0001267294 3.83E-05 4.81E-05
1.8 1.35 0.113498719 0.125105454 0.0206369746 0.0395899592 0.0904690589 0.160083459 0.11180978 0.0040289899 0.0009550316 0.0061960847 0.0004028535 0.0001765379 0.0001413913
1.8 1.4 0.0952286264 0.117535896 0.0240332972 0.0396315101 0.0740881084 0.146930149 0.161949846 0.0019603105 0.0035018363 0.0061121332 0.0007706892 0.0004598041 0.0001852125
1.8 1.45 0.0747568723 0.109940221 0.0296465205 0.0378498999 0.0547665564 0.129715985 0.210770651 0.0051576544 0.0071730928 0.0039417036 0.0010922396 0.0006093133 0.0001060171
1.8 1.5 0.0539942116 0.104129305 0.0356094547 0.0337435355 0.0367447294 0.111188919 0.24617249 0.020945053 0.0096954695 0.0012833403 0.0014409235 0.0004423808 1.73E-05
1.8 1.55 0.0358591593 0.0996981503 0.0398329422 0.0280813094 0.0235177844 0.0927122212 0.258176085 0.0554093899 0.0090426135 0.0007576453 0.0019012385 0.000138879 4.86E-05
1.8 1.6 0.0225301627 0.0943570143 0.0411808415 0.0225084475 0.0164549265 0.0742506938 0.243202417 0.109672592 0.0052892376 0.0040641753 0.0022298886 2.70E-05 0.0001396408
1.8 1.65 0.0142632558 0.0855060922 0.0401790053 0.0186598283 0.0144894571 0.055458778 0.205704837 0.177384414 0.001611893 0.010322921 0.0019958275 0.0001839192 0.0001499071
1.8 1.7 0.0094853825 0.0721175151 0.038681072 0.0172139882 0.0150054648 0.0369553983 0.156144127 0.245229962 0.0037744904 0.016200831 0.0013216597 0.0003834248 8.86E-05
1.8 1.75 0.0061150273 0.0556534094 0.0386007417 0.0175173407 0.0154062632 0.020736506 0.10655184 0.296820623 0.0181727202 0.0180405285 0.0013051604 0.0003948313 7.20E-05
1.8 1.8 0.003063441 0.0392968823 0.0405332894 0.0180367087 0.0143929786 0.0093197436 0.0661079988 0.31841384 0.0491707264 0.0145341431 0.0032411628 0.0002283477 0.0001157913
1.8 1.85 0.0007635294 0.0260712763 0.0432178498 0.0173131783 0.0122640231 0.0042317367 0.03862796 0.304016058 0.0967340187 0.008010767 0.0071774186 8.70E-05 0.0001217884
1.8 1.9 0.0004362291 0.0172153774 0.0442734931 0.0148723502 0.0102805571 0.0049246611 0.0227548957 0.257641649 0.155277108 0.0035127302 0.0113062697 0.0001541503 5.58E-05
1.8 1.95 0.0027007307 0.0118869312 0.0418095932 0.0115903843 0.0096502625 0.0089080896 0.0143500774 0.19179794 0.214297047 0.0063698179 0.0130120298 0.0004586437 1.25E-05
1.8 2 0.0066378749 0.0082143335 0.0357579063 0.0091954247 0.0107193398 0.0129846084 0.0094246411 0.12281011 0.260856362 0.0198773051 0.0108920964 0.0009092283 6.45E-05
1.8 2.05 0.0101991765 0.0048382341 0.0279813651 0.009160957 0.0127626332 0.0147545285 0.0059232764 0.0650244053 0.283482339 0.0443815278 0.0061307628 0.0013920449 0.0001510219
1.8 2.1 0.0118195685 0.0018640262 0.021116646 0.0116904794 0.014416538 0.0135323387 0.0037378699 0.0263724834 0.27623804 0.0776765953 0.0020690772 0.001791342 0.0001806291
1.8 2.15 0.0119373944 0.0005513417 0.0169202634 0.0154946968 0.014502352 0.0102902575 0.0034880247 0.0071364775 0.24105339 0.115682035 0.0022377027 0.0019514471 0.0001686112
1.8 2.2 0.0129049382 0.0019398417 0.0152392883 0.0185570696 0.0127305301 0.0068094476 0.0052284763 0.0019595553 0.186946602 0.152797852 0.0083470064 0.0017626152 0.0001888382
1.8 2.25 0.0170437024 0.0055902713 0.0143420033 0.0194056725 0.0098763914 0.0046262821 0.0079795617 0.0034809312 0.126623331 0.182415816 0.019738303 0.0013709773 0.0002409788
1.8 2.3 0.0243253078 0.0096119499 0.0123959967 0.0180865992 0.0073619018 0.0043512527 0.0102258736 0.0057159672 0.072272008 0.19836236 0.0343969873 0.0012270628 0.0002736181
1.8 2.35 0.0318207487 0.0120366361 0.0089426385 0.0161254054 0.0064662018 0.0055986276 0.0108312089 0.0058658856 0.0322479766 0.196971179 0.0503394672 0.001821598 0.0003429706
1.8 2.4 0.0358147642 0.0124380403 0.0051966282 0.0154001358 0.0075617116 0.0073704002 0.0096041215 0.0041060687 0.0094546447 0.178573898 0.0662061385 0.00335667 0.0006324626
1.8 2.45 0.0350539531 0.0123594603 0.0029709364 0.0167161547 0.0098514797 0.0086067801 0.0071666328 0.0019794763 0.001599424 0.147356728 0.0808813625 0.0056622966 0.0012058908
1.8 2.5 0.0323582785 0.0140227689 0.0031328369 0.0191838284 0.0118402829 0.0086539862 0.0044158956 0.0007297289 0.0030225657 0.109692252 0.0927927212 0.0084407249 0.0017699417
1.8 2.55 0.0330140876 0.0183147327 0.0048689593 0.0208421862 0.0122413197 0.0075059325 0.002096861 0.0005805308 0.0073248999 0.0720960406 0.0998567944 0.0116310861 0.0018564795
1.8 2.6 0.0407585626 0.0236855094 0.0063446991 0.0200491971 0.0107530468 0.0057837544 0.0007006555 0.0010313945 0.0098094982 0.0399458521 0.100431074 0.015515527 0.0014043678
1.8 2.65 0.0543203976 0.0269971169 0.0061789024 0.0166035978 0.0082253716 0.0044522463 0.0004872866 0.00151723 0.0088061388 0.0170576319 0.0943690987 0.0203936197 0.0011085842
1.8 2.7 0.0676481984 0.0258614043 0.0044843486 0.0118122557 0.0061174747 0.004321147 0.001389663 0.0017791086 0.0054309773 0.0052887632 0.0831218237 0.0260438871 0.0019497234
1.8 2.75 0.0743664793 0.0206353141 0.0025961951 0.0075139398 0.0055671962 0.0055383733 0.002889432 0.0018100988 0.0020636124 0.0038422091 0.0687839976 0.0314545614 0.004245699
1.8 2.8 0.0730244158 0.0142776397 0.0017994282 0.0048589254 0.0066575259 0.0074145077 0.0041500694 0.0016474554 0.000488747 0.009014729 0.0530396846 0.035155482 0.0072646627
1.85 0.8 0.237680986 0.113458004 0.0357896122 0.0635426722 0.10419208 0.0077349066 0.0088611721 0.0017100869 0.0006706812 3.80E-05 9.48E-06 1.03E-05 5.18E-06
1.85 0.85 0.241771164 0.109506963 0.0301006477 0.0643151014 0.105692603 0.0179503676 0.0069556424 0.0020845125 0.0007615746 7.25E-05 7.87E-05 8.79E-06 7.53E-06
1.85 0.9 0.248161638 0.106028128 0.0265218102 0.0661567165 0.103002314 0.032197416 0.0046289086 0.0020309953 0.0005754825 0.0001076909 0.0002045267 2.21E-06 1.14E-06
