marxslynx/data/qeOBF.dat
# %ECSV 0.9
# ---
# datatype:
# - {name: energy, unit: eV, datatype: float64}
# - {name: data1, datatype: float64}
# - {name: data2, datatype: float64}
# - {name: transmission, datatype: float64}
# meta: !!omap
# - keywords: !!omap
#   - {Author: unknown}
#   - {ORIGFILE: CCD_filter_kaf_10nmAl2O3_30nmAl.dat}
#   - {Description: OBF + detector combined, last column. Meaning of other columns is unknown.}
#   - {Reference: HMG received this file by email from Ralf Heilman on 02/25/2018
# schema: astropy-2.0
60	0.80318	0.753300687	0.580066208
[from data line 450]
511	0.98817	0.955018523	0.890343813
512	0.98823	0.955193173	0.890825012
513	0.98828	0.955290203	0.891215486
514	0.98834	0.955443771	0.891667831
515	0.9884	0.955574291	0.89209879
516	0.98846	0.955663554	0.892481887
517	0.98851	0.955806515	0.892915651
518	0.98857	0.955934106	0.893334754
519	0.98863	0.956077151	0.893768413
520	0.98868	0.956184712	0.894159966
521	0.98874	0.956329658	0.894595628
522	0.98879	0.95645928	0.895008018
523	0.98884	0.956569665	0.895393048
524	0.9889	0.956682006	0.895789056
525	0.98895	0.956748227	0.896132902
526	0.98901	0.956973796	0.896635175
527	0.98906	0.957076504	0.897013394
528	0.98911	0.957184959	0.897397085
529	0.98916	0.95727229	0.897751584
530	0.98921	0.957377867	0.898123273
531	0.98927	0.957540135	0.898557325
532	0.98932	0.95762459	0.898909373
533	0.98937	0.957753222	0.899302972
534	0.98942	0.957540725	0.899366786
535	0.98947	0.955721414	0.897930325
536	0.98952	0.946927199	0.889928351
537	0.98957	0.941740226	0.885312663
538	0.98961	0.942217882	0.886011961
539	0.98966	0.94235337	0.886398639
540	0.98971	0.944602217	0.888773867
541	0.98976	0.947353482	0.89161384
542	0.98981	0.948788775	0.893216402
543	0.98985	0.949986794	0.894596672
544	0.96484	0.950905133	0.873038173
545	0.965	0.951651443	0.874070296
546	0.96516	0.952514293	0.875210111
547	0.96531	0.953282998	0.876245805
548	0.96547	0.953914237	0.87717398
549	0.96562	0.954365599	0.877918903
550	0.96577	0.954653409	0.878513692
551	0.96592	0.954793994	0.878982429
552	0.96607	0.954691007	0.879217786
553	0.96622	0.954594724	0.879459308
554	0.96637	0.954316406	0.879533055
555	0.96652	0.953925358	0.879502733
556	0.96667	0.953609318	0.879541382
557	0.96682	0.953307647	0.879593132
558	0.96696	0.953088745	0.879702816
559	0.96711	0.952994043	0.879945404
560	0.96725	0.953009159	0.880271104
561	0.96739	0.952932702	0.880521473
562	0.96754	0.952993069	0.880898204
563	0.96768	0.95322014	0.881420073
564	0.96782	0.95349351	0.88198497
565	0.96796	0.953855601	0.882632197
566	0.9681	0.954213875	0.88327618
567	0.96823	0.95455775	0.88389799
568	0.96837	0.954898785	0.884526571
569	0.96851	0.95522446	0.885131944
570	0.96864	0.955628283	0.885800869
571	0.96878	0.95590775	0.886373194
572	0.96891	0.956204724	0.886943575
573	0.96904	0.956480555	0.887503837
574	0.96917	0.956748699	0.888047917
575	0.9693	0.957009157	0.888585072
576	0.96943	0.957180852	0.889039992
577	0.96956	0.95743651	0.889563795
578	0.96969	0.957627556	0.89003703
579	0.96982	0.957711475	0.890410831
580	0.96994	0.957921943	0.89088395
581	0.97007	0.958051341	0.891300294
582	0.97019	0.958211645	0.89172704
583	0.97032	0.958287961	0.892084929
584	0.97044	0.958407711	0.892474159
585	0.97056	0.958602823	0.892933698
586	0.97069	0.958662705	0.893276589
587	0.97081	0.95885881	0.893737328
588	0.97093	0.95903947	0.89417451
589	0.97105	0.95912257	0.894530157
590	0.97117	0.959271378	0.894937879
591	0.97128	0.959417305	0.895343135
592	0.9714	0.959526502	0.895714124
593	0.97152	0.959641517	0.896090647
594	0.97164	0.95976233	0.896472688
595	0.97175	0.959863783	0.89682752
596	0.97187	0.959962332	0.897188959
597	0.97198	0.960084095	0.897553629
598	0.97209	0.960189438	0.897912376
599	0.97221	0.960290921	0.898276844
600	0.97232	0.960375973	0.898607454
601	0.97243	0.960458113	0.898935418
602	0.97254	0.960576058	0.89930632
603	0.97265	0.960641724	0.89961902
604	0.97276	0.960708338	0.899932677
605	0.97287	0.960798193	0.900268179
606	0.97298	0.96089193	0.9006074
607	0.97309	0.960943058	0.900897407
608	0.9732	0.961053253	0.901252214
609	0.9733	0.961132454	0.901568777
610	0.97341	0.9612155	0.901888927
611	0.97351	0.961294684	0.902205616
612	0.97362	0.961408731	0.902555015
613	0.97372	0.961531498	0.902903419
614	0.97383	0.961643648	0.903251215
615	0.97393	0.961727709	0.90356343
616	0.97403	0.961888307	0.903947641
617	0.97414	0.961969472	0.904266576
618	0.97424	0.962120379	0.904641873
619	0.97434	0.962250946	0.904998142
620	0.97444	0.962400918	0.905363381
621	0.97454	0.962517952	0.905707103
622	0.97464	0.962654396	0.906059798
623	0.97474	0.962756906	0.90639002
624	0.97484	0.962897251	0.906746564
625	0.97494	0.96300462	0.907072139
626	0.97503	0.963151742	0.907425938
627	0.97513	0.963283359	0.907774525
628	0.97523	0.963385879	0.908095773
629	0.97532	0.963491322	0.908419935
630	0.97542	0.963612295	0.908758735
631	0.97552	0.963737148	0.90910128
632	0.97562	0.963852309	0.909434763
633	0.97571	0.963969419	0.909760844
634	0.97581	0.964084591	0.910085091
635	0.9759	0.964194935	0.910404936
636	0.976	0.96431691	0.910745171
637	0.97609	0.964414613	0.911043814
638	0.97619	0.964510365	0.911359429
639	0.97628	0.96464206	0.91169033
640	0.97638	0.964729107	0.911997863
641	0.97647	0.964845298	0.912323678
642	0.97657	0.964954699	0.91264307
643	0.97666	0.965054395	0.912953433
644	0.97675	0.965182258	0.91328109
645	0.97685	0.965271262	0.913581399
646	0.97694	0.965383573	0.913903914
647	0.97703	0.965512422	0.914232729
648	0.97712	0.965610169	0.914532166
649	0.97722	0.965729314	0.914861299
650	0.97731	0.96582902	0.915162728
651	0.9774	0.965906387	0.91544305
652	0.97749	0.966044991	0.915781479
653	0.97758	0.966145685	0.916084044
654	0.97767	0.966258062	0.916397755
655	0.97776	0.966351964	0.916694011
656	0.97785	0.966450743	0.916985507
657	0.97794	0.966585489	0.91732065
658	0.97803	0.966698867	0.917635591
659	0.97812	0.966769459	0.917900523
660	0.97821	0.966871164	0.91819505
661	0.97829	0.967002073	0.918517453
662	0.97838	0.96708531	0.918794566
663	0.97847	0.967184108	0.919086521
664	0.97855	0.96730041	0.919385779
665	0.97864	0.967405045	0.919683408
666	0.97872	0.967504822	0.919967081
667	0.97881	0.967605593	0.920261159
668	0.97889	0.967717093	0.920556101
669	0.97897	0.967794519	0.920818686
670	0.97905	0.967893374	0.921092236
671	0.97913	0.967999993	0.921373229
672	0.97921	0.968083254	0.921632043
673	0.97928	0.968181119	0.921895396
674	0.97936	0.968275095	0.922164511
675	0.97943	0.968362256	0.922408283
676	0.97951	0.968482538	0.922702559
677	0.97958	0.968560946	0.922947572
678	0.97966	0.968645202	0.923198136
679	0.97973	0.968743099	0.923461814
680	0.97981	0.968835148	0.9237199
681	0.97988	0.968940851	0.923981626
682	0.97995	0.969016355	0.924214597
683	0.98001	0.969110375	0.924455836
684	0.98008	0.969181989	0.924675677
685	0.98015	0.96927504	0.924925507
686	0.98022	0.969361259	0.925168862
687	0.98029	0.969473783	0.925427865
688	0.98035	0.969531749	0.925634891
689	0.98042	0.969636483	0.925886542
690	0.98049	0.969706168	0.926104765
691	0.98055	0.969783649	0.926330531
692	0.98062	0.969873803	0.926568378
693	0.98068	0.969951278	0.9267847
694	0.98075	0.970031672	0.927013297
695	0.98081	0.970117906	0.927238059
696	0.98087	0.970184647	0.927444223
697	0.98094	0.970257257	0.927665485
698	0.981	0.970337677	0.927884793
699	0.98106	0.97041322	0.928099469
700	0.98113	0.970481944	0.928317118
701	0.98119	0.970570175	0.928543999
702	0.98125	0.970644725	0.928748302
703	0.98131	0.970718308	0.928961234
704	0.98138	0.970784094	0.929176204
705	0.98144	0.97085182	0.929383595
706	0.98151	0.970923452	0.929604226
707	0.98157	0.970988266	0.929808891
708	0.98163	0.971043318	0.930004236
709	0.9817	0.971124718	0.930234322
710	0.98176	0.971195391	0.930444692
711	0.98182	0.971271919	0.930651166
712	0.98188	0.971328924	0.930848499
713	0.98195	0.971403477	0.93107216
714	0.98201	0.971481944	0.931280586
715	0.98207	0.971527222	0.931466762
716	0.98214	0.971592032	0.931681179
717	0.9822	0.971676387	0.931904885
718	0.98226	0.971756837	0.932124881
719	0.98232	0.971799211	0.932298837
720	0.98239	0.971862099	0.932511535
721	0.98245	0.971938652	0.932718337
722	0.98251	0.971993722	0.932914101
723	0.98257	0.972073217	0.933123786
724	0.98263	0.97214982	0.933340278
725	0.98269	0.972217649	0.933538826
726	0.98275	0.972283522	0.933745077
727	0.98281	0.972354288	0.933946501
728	0.98287	0.972442692	0.934164898
729	0.98293	0.972518398	0.934371128
730	0.98299	0.972591176	0.934584136
731	0.98305	0.97266199	0.934785726
732	0.98311	0.972747479	0.935001451
733	0.98316	0.972833947	0.935208637
734	0.98322	0.972908691	0.935414095
735	0.98328	0.973002014	0.935637448
736	0.98334	0.973068941	0.935835451
737	0.98339	0.973157373	0.936044648
738	0.98345	0.973218444	0.936237073
739	0.98351	0.973289291	0.936438931
740	0.98356	0.973371874	0.936633014
741	0.98362	0.973471087	0.936862227
742	0.98368	0.973538033	0.937060419
743	0.98373	0.973605932	0.937240452
744	0.98379	0.973692427	0.937457518
745	0.98384	0.973753486	0.937640594
746	0.9839	0.973839976	0.937848136
747	0.98395	0.973889325	0.938019983
748	0.984	0.973974875	0.938217141
749	0.98406	0.974067276	0.938440046
750	0.98411	0.974130311	0.938615566
751	0.98417	0.974209955	0.938826241
752	0.98422	0.974288617	0.93901687
753	0.98427	0.974352612	0.939193387
754	0.98432	0.974439116	0.939401216
755	0.98438	0.974488427	0.939573168
756	0.98443	0.974567108	0.939763916
757	0.98448	0.974636	0.939945247
758	0.98453	0.9747049	0.94012661
759	0.98458	0.974773803	0.940317597
760	0.98464	0.974840738	0.940506663
761	0.98469	0.974908668	0.940687162
762	0.98474	0.974974616	0.940865771
763	0.98479	0.975039585	0.941043456
764	0.98484	0.975104555	0.941221166
765	0.98489	0.975169529	0.941398901
766	0.98494	0.975231541	0.941564194
767	0.98499	0.975295527	0.941741018
768	0.98504	0.975357544	0.941915963
769	0.98509	0.975419564	0.942090931
770	0.98514	0.975481591	0.942265929
771	0.98519	0.975543616	0.942431334
772	0.98524	0.975603681	0.942604477
773	0.98529	0.975666704	0.9427805
774	0.98533	0.975731701	0.942939269
775	0.98538	0.975795709	0.943116285
776	0.98543	0.975860709	0.943294281
777	0.98548	0.975924723	0.943461729
778	0.98553	0.975986762	0.943636906
779	0.98558	0.976048804	0.943802488
780	0.98562	0.976110853	0.943968139
781	0.98567	0.9761729	0.944133764
782	0.98572	0.976233966	0.944308082
783	0.98577	0.976296023	0.944473757
784	0.98581	0.976358074	0.944639487
785	0.98586	0.976419148	0.944804248
786	0.98591	0.976481212	0.944969988
787	0.98595	0.976542291	0.945134834
788	0.986	0.97660436	0.945300616
789	0.98605	0.976671377	0.945471207
790	0.98609	0.976737408	0.945631274
791	0.98614	0.976804431	0.945811543
792	0.98619	0.976870467	0.945981245
793	0.98623	0.976933544	0.946138508
794	0.98628	0.976994654	0.946303478
795	0.98632	0.977057736	0.946460781
796	0.98637	0.977122803	0.946629621
797	0.98641	0.977187877	0.94678889
798	0.98646	0.977252946	0.94695777
799	0.9865	0.977318025	0.94711708
800	0.98655	0.977386065	0.947288879
801	0.98659	0.977455103	0.947452063
802	0.98664	0.977524135	0.947624864
803	0.98668	0.977592189	0.947787131
804	0.98672	0.977659261	0.947948465
805	0.98677	0.977727321	0.948120383
806	0.98681	0.977797354	0.948274977
807	0.98685	0.977863446	0.948435414
808	0.98689	0.977928551	0.948594911
809	0.98694	0.977993653	0.948764037
810	0.98698	0.978059745	0.948914875
811	0.98702	0.978125847	0.949075393
812	0.98706	0.978192942	0.949236893
813	0.98711	0.978259058	0.949397421
814	0.98715	0.978326159	0.949558962
815	0.98719	0.978391291	0.949708951
816	0.98723	0.97845445	0.9498667
817	0.98727	0.978518589	0.950015757
818	0.98731	0.978581754	0.950173545
819	0.98735	0.978644916	0.950321684
820	0.98739	0.978709068	0.950480464
821	0.98743	0.97877125	0.950627683
822	0.98747	0.97883541	0.950786504
823	0.98751	0.978896599	0.95093279
824	0.98755	0.978955823	0.951077181
825	0.98759	0.979016034	0.951232215
826	0.98763	0.979074265	0.951375671
827	0.98767	0.979126559	0.951513372
828	0.98771	0.979178856	0.951651089
829	0.98775	0.979231151	0.951798489
830	0.98779	0.979283455	0.951936241
831	0.98783	0.979337742	0.952075933
832	0.98787	0.979391049	0.952214686
833	0.98791	0.979444357	0.952353453
834	0.98794	0.979497659	0.952482587
835	0.98798	0.979550971	0.952631062
836	0.98802	0.979604284	0.952769874
837	0.98806	0.979657592	0.952908695
838	0.98809	0.979709923	0.953036934
839	0.98813	0.979764226	0.953176747
840	0.98817	0.979816556	0.953314656
841	0.9882	0.979868893	0.953442936
842	0.98824	0.979919242	0.953569259
843	0.98828	0.979968611	0.953704322
844	0.98831	0.980017981	0.953829749
845	0.98835	0.980069326	0.953966761
846	0.98838	0.980120681	0.954094143
847	0.98842	0.980173028	0.954232155
848	0.98846	0.980225374	0.954370181
849	0.98849	0.980275743	0.954486947
850	0.98853	0.980324139	0.95462115
851	0.98856	0.980374511	0.954747632
852	0.9886	0.980421925	0.954880902
853	0.98863	0.980471309	0.954996751
854	0.98866	0.980518725	0.955120386
855	0.9887	0.980566142	0.955253694
856	0.98873	0.980614545	0.955368617
857	0.98876	0.980661966	0.955492287
858	0.9888	0.980710371	0.955626593
859	0.98883	0.980757795	0.955740591
860	0.98886	0.98080522	0.955864297
861	0.9889	0.98085363	0.955988942
862	0.98893	0.980900071	0.956111711
863	0.98896	0.9809475	0.956225752
864	0.989	0.980996906	0.956361101
865	0.98903	0.9810493	0.956480002
866	0.98906	0.981101688	0.956608611
867	0.98909	0.98115408	0.95672753
868	0.98912	0.98120747	0.956857137
869	0.98916	0.981260868	0.956986733
870	0.98919	0.981314262	0.95710666
871	0.98922	0.981368648	0.957237273
872	0.98925	0.981422053	0.95735723
873	0.98928	0.981476443	0.95747816
874	0.98931	0.981528863	0.957606887
875	0.98934	0.981583257	0.957727841
876	0.98937	0.981636668	0.957847844
877	0.9894	0.981690078	0.95797757
878	0.98943	0.981743493	0.958097598
879	0.98946	0.981796906	0.958217635
880	0.98949	0.981848334	0.958335743
881	0.98952	0.981898783	0.958452905
882	0.98955	0.981949226	0.958579788
883	0.98958	0.981999678	0.958696972
884	0.98961	0.9820531	0.958817066
885	0.98964	0.982105539	0.958936209
886	0.98967	0.982158965	0.959056326
887	0.9897	0.982211407	0.959175492
888	0.98973	0.98226385	0.959294669
889	0.98976	0.982315304	0.959412888
890	0.98979	0.982367751	0.959532088
891	0.98982	0.98241822	0.959649365
892	0.98985	0.982467694	0.959765679
893	0.98988	0.98251717	0.959882005
894	0.9899	0.98256764	0.959989612
895	0.98993	0.982617118	0.960105958
896	0.98996	0.982666599	0.960222314
897	0.98999	0.982717073	0.960339651
898	0.99002	0.982766556	0.960456028
899	0.99004	0.982818029	0.960564658
900	0.99007	0.982870492	0.960683966
901	0.9901	0.982921969	0.96080232
902	0.99013	0.982973443	0.960910947
903	0.99016	0.983022938	0.961027382
904	0.99018	0.983072431	0.961134116
905	0.99021	0.983120937	0.961249601
906	0.99024	0.983168452	0.961364126
907	0.99026	0.983214978	0.961458247
908	0.99029	0.983261504	0.96157182
909	0.99032	0.983308033	0.961685406
910	0.99035	0.983353568	0.961798029
911	0.99037	0.9834001	0.961892183
912	0.9904	0.983446631	0.962005795
913	0.99043	0.983492172	0.962118448
914	0.99045	0.983536721	0.962210682
915	0.99048	0.98358028	0.962321411
916	0.9905	0.983623839	0.962422432
917	0.99053	0.983667398	0.962523434
918	0.99056	0.98371295	0.962636137
919	0.99058	0.983758498	0.96272938
920	0.99061	0.983804052	0.962842102
921	0.99063	0.983848614	0.962934393
922	0.99066	0.983891193	0.963044217
923	0.99068	0.98393476	0.963135547
924	0.99071	0.983977341	0.963245389
925	0.99074	0.984019918	0.963345486
926	0.99076	0.984059527	0.96344271
927	0.99079	0.984099134	0.963539911
928	0.99082	0.984140721	0.96364881
929	0.99084	0.984182315	0.963738245
930	0.99087	0.984224903	0.963848139
931	0.99089	0.984266504	0.963937593
932	0.99092	0.984310081	0.96404847
933	0.99094	0.984349698	0.964135993
934	0.99097	0.984388323	0.964232279
935	0.99099	0.984428928	0.964330537
936	0.99102	0.984467555	0.964426838
937	0.99104	0.984506183	0.964513414
938	0.99107	0.984545803	0.964620458
939	0.99109	0.984584433	0.964707047
940	0.99112	0.984624056	0.96480435
941	0.99114	0.984665667	0.964903631
942	0.99117	0.984708266	0.965003862
943	0.99119	0.98474889	0.965092428
944	0.99122	0.984788524	0.965189767
945	0.99124	0.984828153	0.96528713
946	0.99127	0.984866789	0.965383504
947	0.99129	0.98490642	0.965471119
948	0.99132	0.984944069	0.965566537
949	0.99134	0.984982709	0.965662956
950	0.99136	0.985020366	0.965748652
951	0.99139	0.985058018	0.965844091
952	0.99141	0.985095675	0.965929798
953	0.99144	0.985133329	0.96602525
954	0.99146	0.985171977	0.966111939
955	0.99148	0.985209632	0.96619766
956	0.99151	0.985247289	0.966302901
957	0.99153	0.985284952	0.966388641
958	0.99155	0.98532261	0.96647438
