marxslynx/data/uvblocking.dat
# %ECSV 0.9
# ---
# datatype:
# - {name: energy, unit: eV, datatype: float64}
# - {name: transmission, datatype: float64}
# - {name: transmission95, datatype: float64}
# meta: !!omap
# - keywords: !!omap
#   - {Author: Randall McEntaffer}
#   - {ORIGFILE: Polyimide_C12H12N20_transmission_45nm_with95percentmesh_CXRO.xls}
#   - {Description: 45 nm polyamide filter using optical constants from henke.lbl.gov: Density=2.2}
#   - {Reference: HMG received this file by email from Ralf Heilman on 02/25/2018
# schema: astropy-2.0
100	0.74477	0.7075315
104.8	0.7663	0.727985
109.6	0.78541	0.7461395
114.4	0.80243	0.7623085
119.2	0.81762	0.776739
124	0.83122	0.789659
128.8	0.84345	0.8012775
133.6	0.85462	0.811889
138.4	0.86497	0.8217215
143.2	0.8743	0.830585
148	0.88276	0.838622
152.8	0.89044	0.845918
157.6	0.89742	0.852549
162.4	0.90383	0.8586385
167.2	0.90978	0.864291
172	0.91524	0.869478
176.8	0.92024	0.874228
181.6	0.92487	0.8786265
186.4	0.92941	0.8829395
191.2	0.93399	0.8872905
196	0.93817	0.8912615
200.8	0.94201	0.8949095
205.6	0.94553	0.8982535
210.4	0.94877	0.9013315
215.2	0.95176	0.904172
220	0.9545	0.906775
224.8	0.95699	0.9091405
229.6	0.95928	0.911316
234.4	0.96142	0.913349
239.2	0.96339	0.9152205
244	0.9652	0.91694
248.8	0.967	0.91865
253.6	0.96882	0.920379
258.4	0.97052	0.921994
263.2	0.97209	0.9234855
268	0.97356	0.924882
272.8	0.97492	0.926174
277.6	0.97619	0.9273805
282.4	0.97738	0.928511
287.2	0.69143	0.6568585
292	0.70075	0.6657125
296.8	0.7097	0.674215
301.6	0.7183	0.682385
306.4	0.72656	0.690232
311.2	0.73451	0.6977845
316	0.74217	0.7050615
320.8	0.74954	0.712063
325.6	0.75663	0.7187985
330.4	0.76345	0.7252775
335.2	0.77002	0.731519
340	0.77634	0.737523
344.8	0.78242	0.743299
349.6	0.78829	0.7488755
354.4	0.79394	0.754243
359.2	0.79938	0.759411
364	0.80463	0.7643985
368.8	0.80969	0.7692055
373.6	0.81457	0.7738415
378.4	0.81946	0.778487
383.2	0.82437	0.7831515
388	0.82924	0.787778
392.8	0.83392	0.792224
397.6	0.83844	0.796518
402.4	0.84279	0.8006505
407.2	0.84699	0.8046405
412	0.81727	0.7764065
416.8	0.82188	0.780786
421.6	0.82635	0.7850325
426.4	0.83066	0.789127
431.2	0.83483	0.7930885
436	0.83886	0.796917
440.8	0.84277	0.8006315
445.6	0.84654	0.804213
450.4	0.85019	0.8076805
455.2	0.85373	0.8110435
460	0.85715	0.8142925
464.8	0.86047	0.8174465
469.6	0.86368	0.820496
474.4	0.8668	0.82346
479.2	0.86981	0.8263195
484	0.87274	0.829103
488.8	0.87561	0.8318295
493.6	0.8784	0.83448
498.4	0.88111	0.8370545
503.2	0.88373	0.8395435
508	0.88628	0.841966
512.8	0.88875	0.8443125
517.6	0.89115	0.8465925
522.4	0.89348	0.848806
527.2	0.89575	0.8509625
532	0.89794	0.853043
536.8	0.90008	0.855076
541.6	0.90215	0.8570425
546.4	0.89	0.8455
551.2	0.89223	0.8476185
556	0.89439	0.8496705
560.8	0.8965	0.851675
565.6	0.89857	0.8536415
570.4	0.90058	0.855551
575.2	0.90256	0.857432
580	0.90447	0.8592465
584.8	0.90634	0.861023
589.6	0.90815	0.8627425
594.4	0.90992	0.864424
599.2	0.91164	0.866058
604	0.91332	0.867654
608.8	0.91495	0.8692025
613.6	0.91654	0.870713
618.4	0.91809	0.8721855
623.2	0.91961	0.8736295
628	0.92108	0.875026
632.8	0.92252	0.876394
637.6	0.92393	0.8777335
642.4	0.92531	0.8790445
647.2	0.92665	0.8803175
652	0.92797	0.8815715
656.8	0.92925	0.8827875
661.6	0.93051	0.8839845
666.4	0.93173	0.8851435
671.2	0.93291	0.8862645
676	0.93405	0.8873475
680.8	0.93516	0.888402
685.6	0.93621	0.8893995
690.4	0.93725	0.8903875
695.2	0.93825	0.8913375
700	0.93923	0.8922685
704.8	0.94022	0.893209
709.6	0.94122	0.894159
714.4	0.9422	0.89509
719.2	0.94319	0.8960305
724	0.94416	0.896952
728.8	0.94511	0.8978545
733.6	0.94603	0.8987285
738.4	0.94694	0.899593
743.2	0.94782	0.900429
748	0.94868	0.901246
752.8	0.94953	0.9020535
757.6	0.95035	0.9028325
762.4	0.95116	0.903602
767.2	0.95195	0.9043525
772	0.95273	0.9050935
776.8	0.95349	0.9058155
781.6	0.95424	0.906528
786.4	0.95497	0.9072215
791.2	0.95569	0.9079055
796	0.95639	0.9085705
800.8	0.95708	0.909226
805.6	0.95775	0.9098625
810.4	0.95841	0.9104895
815.2	0.95906	0.911107
820	0.95969	0.9117055
824.8	0.96031	0.9122945
829.6	0.96091	0.9128645
834.4	0.96151	0.9134345
839.2	0.96209	0.9139855
844	0.96265	0.9145175
848.8	0.96321	0.9150495
853.6	0.96376	0.915572
858.4	0.96429	0.9160755
863.2	0.96481	0.9165695
868	0.96533	0.9170635
872.8	0.96583	0.9175385
877.6	0.96632	0.918004
882.4	0.9668	0.91846
887.2	0.96727	0.9189065
892	0.96774	0.919353
896.8	0.96819	0.9197805
901.6	0.96864	0.920208
906.4	0.96908	0.920626
911.2	0.96951	0.9210345
916	0.96993	0.9214335
920.8	0.97034	0.921823
925.6	0.97075	0.9222125
930.4	0.97115	0.9225925
935.2	0.97155	0.9229725
940	0.97194	0.923343
944.8	0.97232	0.923704
949.6	0.97269	0.9240555
954.4	0.97306	0.924407
959.2	0.97343	0.9247585
964	0.97378	0.925091
968.8	0.97413	0.9254235
973.6	0.97447	0.9257465
978.4	0.97481	0.9260695
983.2	0.97514	0.926383
988	0.97547	0.9266965
992.8	0.97579	0.9270005
997.6	0.9761	0.927295
1002.4	0.97641	0.9275895
1007.2	0.97671	0.9278745
1012	0.97701	0.9281595
1016.8	0.9773	0.928435
1021.6	0.97759	0.9287105
1026.4	0.97787	0.9289765
1031.2	0.97814	0.929233
1036	0.97842	0.929499
1040.8	0.97869	0.9297555
1045.6	0.97895	0.9300025
1050.4	0.97921	0.9302495
1055.2	0.97947	0.9304965
1060	0.97973	0.9307435
1064.8	0.97998	0.930981
1069.6	0.98023	0.9312185
1074.4	0.98047	0.9314465
1079.2	0.98071	0.9316745
1084	0.98094	0.931893
1088.8	0.98117	0.9321115
1093.6	0.9814	0.93233
1098.4	0.98162	0.932539
1103.2	0.98184	0.932748
1108	0.98206	0.932957
1112.8	0.98227	0.9331565
1117.6	0.98248	0.933356
1122.4	0.98268	0.933546
1127.2	0.98289	0.9337455
1132	0.98309	0.9339355
1136.8	0.98328	0.934116
1141.6	0.98347	0.9342965
1146.4	0.98366	0.934477
1151.2	0.98385	0.9346575
1156	0.98404	0.934838
1160.8	0.98422	0.935009
1165.6	0.9844	0.93518
1170.4	0.98457	0.9353415
1175.2	0.98475	0.9355125
1180	0.98492	0.935674
1184.8	0.98508	0.935826
1189.6	0.98525	0.9359875
1194.4	0.98541	0.9361395
1199.2	0.98557	0.9362915
1204	0.98573	0.9364435
1208.8	0.98589	0.9365955
1213.6	0.98604	0.936738
1218.4	0.98619	0.9368805
1223.2	0.98634	0.937023
1228	0.98649	0.9371655
1232.8	0.98663	0.9372985
1237.6	0.98678	0.937441
1242.4	0.98692	0.937574
1247.2	0.98706	0.937707
1252	0.98719	0.9378305
1256.8	0.98733	0.9379635
1261.6	0.98747	0.9380965
1266.4	0.9876	0.93822
1271.2	0.98773	0.9383435
1276	0.98786	0.938467
1280.8	0.98799	0.9385905
1285.6	0.98811	0.9387045
1290.4	0.98824	0.938828
1295.2	0.98836	0.938942
1300	0.98848	0.939056
1304.8	0.9886	0.93917
1309.6	0.98872	0.939284
1314.4	0.98883	0.9393885
1319.2	0.98895	0.9395025
1324	0.98906	0.939607
1328.8	0.98917	0.9397115
1333.6	0.98928	0.939816
1338.4	0.98939	0.9399205
1343.2	0.9895	0.940025
1348	0.9896	0.94012
1352.8	0.98971	0.9402245
1357.6	0.98981	0.9403195
1362.4	0.98991	0.9404145
1367.2	0.99001	0.9405095
1372	0.99011	0.9406045
1376.8	0.9902	0.94069
1381.6	0.9903	0.940785
1386.4	0.99039	0.9408705
1391.2	0.99049	0.9409655
1396	0.99058	0.941051
1400.8	0.99067	0.9411365
1405.6	0.99076	0.941222
1410.4	0.99085	0.9413075
1415.2	0.99094	0.941393
1420	0.99102	0.941469
1424.8	0.99111	0.9415545
1429.6	0.99119	0.9416305
1434.4	0.99128	0.941716
1439.2	0.99136	0.941792
1444	0.99144	0.941868
1448.8	0.99152	0.941944
1453.6	0.9916	0.94202
1458.4	0.99168	0.942096
1463.2	0.99175	0.9421625
1468	0.99183	0.9422385
1472.8	0.9919	0.942305
1477.6	0.99198	0.942381
1482.4	0.99205	0.9424475
1487.2	0.99212	0.942514
1492	0.9922	0.94259
1496.8	0.99227	0.9426565
1501.6	0.99234	0.942723
1506.4	0.99241	0.9427895
1511.2	0.99248	0.942856
1516	0.99254	0.942913
1520.8	0.99261	0.9429795
1525.6	0.99268	0.943046
1530.4	0.99274	0.943103
1535.2	0.99281	0.9431695
1540	0.99287	0.9432265
1544.8	0.99293	0.9432835
1549.6	0.993	0.94335
1554.4	0.99306	0.943407
1559.2	0.99312	0.943464
1564	0.99318	0.943521
1568.8	0.99324	0.943578
1573.6	0.9933	0.943635
1578.4	0.99336	0.943692
1583.2	0.99341	0.9437395
1588	0.99347	0.9437965
1592.8	0.99353	0.9438535
1597.6	0.99358	0.943901
1602.4	0.99364	0.943958
1607.2	0.99369	0.9440055
1612	0.99374	0.944053
1616.8	0.9938	0.94411
1621.6	0.99385	0.9441575
1626.4	0.9939	0.944205
1631.2	0.99395	0.9442525
1636	0.994	0.9443
1640.8	0.99405	0.9443475
1645.6	0.9941	0.944395
1650.4	0.99415	0.9444425
1655.2	0.9942	0.94449
1660	0.99425	0.9445375
1664.8	0.9943	0.944585
1669.6	0.99434	0.944623
1674.4	0.99439	0.9446705
1679.2	0.99443	0.9447085
1684	0.99448	0.944756
1688.8	0.99452	0.944794
1693.6	0.99457	0.9448415
1698.4	0.99461	0.9448795
1703.2	0.99466	0.944927
1708	0.9947	0.944965
1712.8	0.99474	0.945003
1717.6	0.99478	0.945041
1722.4	0.99482	0.945079
1727.2	0.99487	0.9451265
1732	0.99491	0.9451645
1736.8	0.99495	0.9452025
1741.6	0.99499	0.9452405
1746.4	0.99503	0.9452785
1751.2	0.99507	0.9453165
1756	0.9951	0.945345
1760.8	0.99514	0.945383
1765.6	0.99518	0.945421
1770.4	0.99522	0.945459
1775.2	0.99526	0.945497
1780	0.99529	0.9455255
1784.8	0.99533	0.9455635
1789.6	0.99537	0.9456015
1794.4	0.9954	0.94563
1799.2	0.99544	0.945668
1804	0.99547	0.9456965
1808.8	0.99551	0.9457345
1813.6	0.99554	0.945763
1818.4	0.99557	0.9457915
1823.2	0.99561	0.9458295
1828	0.99564	0.945858
1832.8	0.99567	0.9458865
1837.6	0.99571	0.9459245
1842.4	0.99574	0.945953
1847.2	0.99577	0.9459815
1852	0.9958	0.94601
1856.8	0.99583	0.9460385
1861.6	0.99587	0.9460765
1866.4	0.9959	0.946105
1871.2	0.99593	0.9461335
1876	0.99596	0.946162
1880.8	0.99599	0.9461905
1885.6	0.99602	0.946219
1890.4	0.99605	0.9462475
1895.2	0.99607	0.9462665
1900	0.9961	0.946295
1904.8	0.99613	0.9463235
1909.6	0.99616	0.946352
1914.4	0.99619	0.9463805
1919.2	0.99621	0.9463995
1924	0.99624	0.946428
1928.8	0.99627	0.9464565
1933.6	0.9963	0.946485
1938.4	0.99632	0.946504
1943.2	0.99635	0.9465325
1948	0.99637	0.9465515
1952.8	0.9964	0.94658
1957.6	0.99643	0.9466085
1962.4	0.99645	0.9466275
1967.2	0.99648	0.946656
1972	0.9965	0.946675
1976.8	0.99653	0.9467035
1981.6	0.99655	0.9467225
1986.4	0.99657	0.9467415
1991.2	0.9966	0.94677
1996	0.99662	0.946789
2000.8	0.99664	0.946808
2005.6	0.99667	0.9468365
2010.4	0.99669	0.9468555
2015.2	0.99671	0.9468745
2020	0.99674	0.946903
2024.8	0.99676	0.946922
2029.6	0.99678	0.946941
2034.4	0.9968	0.94696
2039.2	0.99682	0.946979
2044	0.99685	0.9470075
2048.8	0.99687	0.9470265
2053.6	0.99689	0.9470455
2058.4	0.99691	0.9470645
2063.2	0.99693	0.9470835
2068	0.99695	0.9471025
2072.8	0.99697	0.9471215
2077.6	0.99699	0.9471405
2082.4	0.99701	0.9471595
2087.2	0.99703	0.9471785
2092	0.99705	0.9471975
2096.8	0.99707	0.9472165
2101.6	0.99709	0.9472355
2106.4	0.99711	0.9472545
2111.2	0.99713	0.9472735
2116	0.99715	0.9472925
2120.8	0.99717	0.9473115
2125.6	0.99719	0.9473305
2130.4	0.9972	0.94734
2135.2	0.99722	0.947359
2140	0.99724	0.947378
2144.8	0.99726	0.947397
2149.6	0.99728	0.947416
2154.4	0.99729	0.9474255
2159.2	0.99731	0.9474445
2164	0.99733	0.9474635
2168.8	0.99735	0.9474825
2173.6	0.99736	0.947492
2178.4	0.99738	0.947511
2183.2	0.9974	0.94753
2188	0.99741	0.9475395
2192.8	0.99743	0.9475585
2197.6	0.99745	0.9475775
2202.4	0.99746	0.947587
2207.2	0.99748	0.947606
2212	0.9975	0.947625
2216.8	0.99751	0.9476345
2221.6	0.99753	0.9476535
2226.4	0.99754	0.947663
2231.2	0.99756	0.947682
2236	0.99757	0.9476915
2240.8	0.99759	0.9477105
2245.6	0.9976	0.94772
2250.4	0.99762	0.947739
2255.2	0.99763	0.9477485
2260	0.99765	0.9477675
2264.8	0.99766	0.947777
2269.6	0.99768	0.947796
2274.4	0.99769	0.9478055
2279.2	0.99771	0.9478245
2284	0.99772	0.947834
2288.8	0.99773	0.9478435
2293.6	0.99775	0.9478625
2298.4	0.99776	0.947872
2303.2	0.99777	0.9478815
2308	0.99779	0.9479005
2312.8	0.9978	0.94791
2317.6	0.99782	0.947929
2322.4	0.99783	0.9479385
2327.2	0.99784	0.947948
2332	0.99785	0.9479575
2336.8	0.99787	0.9479765
2341.6	0.99788	0.947986
2346.4	0.99789	0.9479955
2351.2	0.99791	0.9480145
2356	0.99792	0.948024
2360.8	0.99793	0.9480335
2365.6	0.99794	0.948043
2370.4	0.99796	0.948062
2375.2	0.99797	0.9480715
2380	0.99798	0.948081
2384.8	0.99799	0.9480905
2389.6	0.998	0.9481
2394.4	0.99801	0.9481095
2399.2	0.99803	0.9481285
2404	0.99804	0.948138
2408.8	0.99805	0.9481475
2413.6	0.99806	0.948157
2418.4	0.99807	0.9481665
2423.2	0.99808	0.948176
2428	0.99809	0.9481855
2432.8	0.99811	0.9482045
2437.6	0.99812	0.948214
2442.4	0.99813	0.9482235
2447.2	0.99814	0.948233
2452	0.99815	0.9482425
2456.8	0.99816	0.948252
2461.6	0.99817	0.9482615
2466.4	0.99818	0.948271
2471.2	0.99819	0.9482805
2476	0.9982	0.94829
2480.8	0.99821	0.9482995
2485.6	0.99822	0.948309
2490.4	0.99823	0.9483185
2495.2	0.99824	0.948328
2500	0.99825	0.9483375
